Speech Event	speaker	who	% contributions pro total contributions	% spoken words pro total words	% contributions of 1-2 words pro contribution size of speaker
GWSS_E_00001_SE_01
	GWSS_S_00034	BS	0,55	0,20	0,00	
	GWSS_S_00001	DM_0292	38,80	60,03	28,87	
	GWSS_S_00005	JS_0215	59,29	39,47	64,06	
	GWSS_S_00036	nn	1,37	0,30	60,00	
GWSS_E_00002_SE_01
	GWSS_S_00002	AP_0241	37,79	55,92	38,36	
	GWSS_S_00006	JG_0205	50,81	37,30	70,83	
	GWSS_S_00004	SA_0206	11,40	6,78	52,86	
	GWSS_S_00036	nn	0,00	0,00	NaN	
GWSS_E_00003_SE_01
	GWSS_S_00010	BR_0272	50,88	38,02	66,83	
	GWSS_S_00034	BS	0,00	0,00	NaN	
	GWSS_S_00003	FF_0273	48,61	61,92	54,40	
	GWSS_S_00036	nn	0,50	0,06	100,00	
GWSS_E_00004_SE_01
	GWSS_S_00007	CA_0250	49,75	47,83	31,63	
	GWSS_S_00009	MS_0251	0,51	0,15	0,00	
	GWSS_S_00004	SA_0206	49,75	52,01	48,98	
	GWSS_S_00036	nn	0,00	0,00	NaN	
GWSS_E_00005_SE_01
	GWSS_S_00008	CR_0257	39,06	30,65	40,43	
	GWSS_S_00011	EC_0254	17,17	11,39	51,61	
	GWSS_S_00004	SA_0206	43,77	57,96	37,34	
	GWSS_S_00036	nn	0,00	0,00	NaN	
GWSS_E_00006_SE_01
	GWSS_S_00034	BS	0,23	0,01	100,00	
	GWSS_S_00035	BSP_1	0,46	0,15	0,00	
	GWSS_S_00018	CR_0265	48,97	48,01	28,84	
	GWSS_S_00017	FR_0305	50,34	51,82	61,09	
	GWSS_S_00036	nn	0,00	0,00	NaN	
GWSS_E_00007_SE_01
	GWSS_S_00034	BS	0,00	0,00	NaN	
	GWSS_S_00018	CR_0265	33,19	44,50	19,48	
	GWSS_S_00016	ME_0304	66,81	55,50	75,81	
	GWSS_S_00036	nn	0,00	0,00	NaN	
GWSS_E_00008_SE_01
	GWSS_S_00015	BR_0259	48,15	41,09	27,27	
	GWSS_S_00034	BS	2,02	0,62	66,67	
	GWSS_S_00024	KS_0266	49,83	58,29	37,84	
	GWSS_S_00036	nn	0,00	0,00	NaN	
GWSS_E_00009_SE_01
	GWSS_S_00013	AK_0267	53,98	57,87	53,28	
	GWSS_S_00015	BR_0259	44,25	40,92	26,00	
	GWSS_S_00034	BS	1,77	1,21	0,00	
	GWSS_S_00036	nn	0,00	0,00	NaN	
GWSS_E_00010_SE_01
	GWSS_S_00015	BR_0259	47,37	36,08	38,27	
	GWSS_S_00034	BS	2,63	1,40	22,22	
	GWSS_S_00022	ST_0268	50,00	62,52	52,05	
	GWSS_S_00036	nn	0,00	0,00	NaN	
GWSS_E_00011_SE_01
	GWSS_S_00015	BR_0259	58,82	40,45	42,50	
	GWSS_S_00034	BS	1,96	1,08	0,00	
	GWSS_S_00019	MO_0269	39,22	58,47	28,75	
	GWSS_S_00036	nn	0,00	0,00	NaN	
GWSS_E_00012_SE_01
	GWSS_S_00015	BR_0259	39,31	42,09	30,87	
	GWSS_S_00034	BS	1,85	2,81	0,00	
	GWSS_S_00020	LM_0276	58,84	55,10	65,92	
	GWSS_S_00036	nn	0,00	0,00	NaN	
GWSS_E_00013_SE_01
	GWSS_S_00015	BR_0259	48,44	40,13	37,10	
	GWSS_S_00034	BS	1,17	0,65	0,00	
	GWSS_S_00014	KD_0274	49,61	59,07	37,80	
	GWSS_S_00036	nn	0,78	0,15	50,00	
GWSS_E_00014_SE_01
	GWSS_S_00015	BR_0259	46,06	34,41	54,79	
	GWSS_S_00034	BS	4,10	0,95	61,54	
	GWSS_S_00021	JH_0260	43,22	63,76	37,23	
	GWSS_S_00036	nn	6,62	0,88	85,71	
GWSS_E_00015_SE_01
	GWSS_S_00034	BS	3,70	0,51	79,17	
	GWSS_S_00023	HO_0271	46,60	40,86	35,76	
	GWSS_S_00025	LG_0306	49,54	58,60	54,83	
	GWSS_S_00036	nn	0,15	0,02	100,00	
GWSS_E_00016_SE_01
	GWSS_S_00034	BS	1,04	0,54	20,00	
	GWSS_S_00018	CR_0265	1,04	0,24	40,00	
	GWSS_S_00030	GVT_0308	21,04	15,49	47,52	
	GWSS_S_00023	HO_0271	23,96	28,67	44,35	
	GWSS_S_00026	MF_0307	52,08	54,85	61,20	
	GWSS_S_00036	nn	0,83	0,21	50,00	
GWSS_E_00017_SE_01
	GWSS_S_00034	BS	0,59	1,05	0,00	
	GWSS_S_00012	GK_0264	1,18	0,54	0,00	
	GWSS_S_00029	KR_0310	53,25	51,68	58,15	
	GWSS_S_00027	SB_0311	44,38	46,64	64,44	
	GWSS_S_00036	nn	0,59	0,09	100,00	
GWSS_E_00018_SE_01
	GWSS_S_00034	BS	1,79	0,54	40,00	
	GWSS_S_00018	CR_0265	1,79	0,39	40,00	
	GWSS_S_00031	FP_0317	0,00	0,00	NaN	
	GWSS_S_00033	GC_0316	25,00	11,17	42,86	
	GWSS_S_00023	HO_0271	25,36	18,90	53,52	
	GWSS_S_00028	KW_0312	45,00	68,94	50,00	
	GWSS_S_00036	nn	1,07	0,06	100,00	
GWSS_E_00019_SE_01
	GWSS_S_00032	AT_0313	44,75	62,76	56,82	
	GWSS_S_00034	BS	5,76	1,56	35,29	
	GWSS_S_00018	CR_0265	3,73	2,08	27,27	
	GWSS_S_00031	FP_0317	1,36	0,45	0,00	
	GWSS_S_00033	GC_0316	24,75	11,41	53,42	
	GWSS_S_00023	HO_0271	18,31	21,57	61,11	
	GWSS_S_00036	nn	1,36	0,18	75,00	
GWSS_E_00020_SE_01
	GWSS_S_00057	BSP_1	0,78	0,71	0,00	
	GWSS_S_00058	BSP_2	0,78	1,90	0,00	
	GWSS_S_00060	BSP_3	0,78	0,41	0,00	
	GWSS_S_00061	BSP_4	0,78	0,21	0,00	
	GWSS_S_00056	DIS_1	1,56	1,19	50,00	
	GWSS_S_00059	DIS_2	0,78	0,73	0,00	
	GWSS_S_00062	DIS_3	1,56	1,58	0,00	
	GWSS_S_00063	DIS_4	1,56	1,79	0,00	
	GWSS_S_00064	DIS_5	3,13	1,67	0,00	
	GWSS_S_00065	DIS_6	0,78	0,12	0,00	
	GWSS_S_00066	DIS_7	0,78	0,36	0,00	
	GWSS_S_00067	DIS_8	2,34	1,92	0,00	
	GWSS_S_00037	LR_0200	73,44	84,14	31,91	
	GWSS_S_00055	MOD	5,47	2,89	14,29	
	GWSS_S_00072	nn	5,47	0,37	71,43	
GWSS_E_00021_SE_01
	GWSS_S_00056	DIS_1	5,03	0,92	40,00	
	GWSS_S_00059	DIS_2	2,01	3,05	25,00	
	GWSS_S_00062	DIS_3	3,02	3,97	50,00	
	GWSS_S_00038	LE_0201	47,74	47,62	43,16	
	GWSS_S_00055	MOD	8,04	13,42	31,25	
	GWSS_S_00039	SP_0202	15,08	29,85	30,00	
	GWSS_S_00072	nn	19,10	1,16	84,21	
GWSS_E_00022_SE_01
	GWSS_S_00041	CF_0234	2,95	0,32	77,78	
	GWSS_S_00056	DIS_1	3,28	2,59	50,00	
	GWSS_S_00069	DIS_10	0,66	0,26	0,00	
	GWSS_S_00070	DIS_11	0,98	0,22	33,33	
	GWSS_S_00059	DIS_2	3,93	1,69	58,33	
	GWSS_S_00062	DIS_3	2,62	0,89	87,50	
	GWSS_S_00063	DIS_4	0,98	1,34	33,33	
	GWSS_S_00064	DIS_5	0,66	0,95	0,00	
	GWSS_S_00065	DIS_6	3,93	2,91	41,67	
	GWSS_S_00066	DIS_7	2,62	1,16	50,00	
	GWSS_S_00067	DIS_8	3,28	2,54	50,00	
	GWSS_S_00068	DIS_9	1,64	0,72	40,00	
	GWSS_S_00055	MOD	9,18	2,94	50,00	
	GWSS_S_00040	RH_0233	49,51	80,13	40,40	
	GWSS_S_00072	nn	13,77	1,32	83,33	
GWSS_E_00023_SE_01
	GWSS_S_00056	DIS_1	3,76	2,61	25,00	
	GWSS_S_00059	DIS_2	4,23	0,82	66,67	
	GWSS_S_00062	DIS_3	10,80	1,82	78,26	
	GWSS_S_00063	DIS_4	16,43	6,63	40,00	
	GWSS_S_00064	DIS_5	4,69	1,87	30,00	
	GWSS_S_00065	DIS_6	3,76	1,24	12,50	
	GWSS_S_00055	MOD	2,82	0,49	33,33	
	GWSS_S_00046	TV_0244	50,70	84,39	38,89	
	GWSS_S_00072	nn	2,82	0,13	83,33	
GWSS_E_00024_SE_01
	GWSS_S_00056	DIS_1	4,47	2,23	50,00	
	GWSS_S_00059	DIS_2	4,47	3,62	0,00	
	GWSS_S_00062	DIS_3	10,61	2,05	26,32	
	GWSS_S_00063	DIS_4	4,47	1,21	12,50	
	GWSS_S_00055	MOD	9,50	1,65	29,41	
	GWSS_S_00047	NR_0242	63,69	89,14	32,46	
	GWSS_S_00072	nn	2,79	0,11	80,00	
GWSS_E_00025_SE_01
	GWSS_S_00071	BSP	1,10	1,24	0,00	
	GWSS_S_00056	DIS_1	1,83	0,86	40,00	
	GWSS_S_00059	DIS_2	1,83	4,83	40,00	
	GWSS_S_00062	DIS_3	1,10	1,66	33,33	
	GWSS_S_00063	DIS_4	2,20	1,72	50,00	
	GWSS_S_00064	DIS_5	4,03	2,37	36,36	
	GWSS_S_00065	DIS_6	1,47	5,46	50,00	
	GWSS_S_00043	LS_0237	78,75	79,72	22,33	
	GWSS_S_00055	MOD	4,03	1,95	27,27	
	GWSS_S_00072	nn	3,66	0,21	100,00	
GWSS_E_00026_SE_01
	GWSS_S_00056	DIS_1	3,51	1,33	0,00	
	GWSS_S_00059	DIS_2	3,51	3,03	0,00	
	GWSS_S_00062	DIS_3	5,26	2,02	33,33	
	GWSS_S_00044	LKC_0243	75,44	92,13	30,23	
	GWSS_S_00055	MOD	10,53	1,46	0,00	
	GWSS_S_00072	nn	1,75	0,03	100,00	
GWSS_E_00027_SE_01
	GWSS_S_00056	DIS_1	6,38	2,36	66,67	
	GWSS_S_00059	DIS_2	4,26	1,44	50,00	
	GWSS_S_00055	MOD	12,77	5,14	0,00	
	GWSS_S_00045	OR_0236	72,34	91,00	5,88	
	GWSS_S_00072	nn	4,26	0,05	100,00	
GWSS_E_00028_SE_01
	GWSS_S_00056	DIS_1	6,31	4,53	14,29	
	GWSS_S_00059	DIS_2	0,90	3,68	0,00	
	GWSS_S_00062	DIS_3	4,50	1,96	20,00	
	GWSS_S_00063	DIS_4	11,71	5,27	53,85	
	GWSS_S_00042	IT_0235	69,37	83,18	42,86	
	GWSS_S_00055	MOD	5,41	1,33	33,33	
	GWSS_S_00072	nn	1,80	0,05	100,00	
GWSS_E_00029_SE_01
	GWSS_S_00071	BSP	2,60	0,39	0,00	
	GWSS_S_00056	DIS_1	3,90	3,39	33,33	
	GWSS_S_00059	DIS_2	5,19	4,84	62,50	
	GWSS_S_00062	DIS_3	1,30	1,70	50,00	
	GWSS_S_00048	LF_0245	69,48	82,50	42,99	
	GWSS_S_00055	MOD	15,58	7,13	54,17	
	GWSS_S_00072	nn	1,95	0,06	100,00	
GWSS_E_00030_SE_01
	GWSS_S_00056	DIS_1	5,61	3,94	78,26	
	GWSS_S_00059	DIS_2	4,39	3,62	22,22	
	GWSS_S_00062	DIS_3	2,20	1,69	22,22	
	GWSS_S_00063	DIS_4	2,93	1,53	41,67	
	GWSS_S_00050	HI_0239	22,68	27,73	11,83	
	GWSS_S_00055	MOD	2,68	1,58	9,09	
	GWSS_S_00049	NA_0238	57,32	59,62	23,40	
	GWSS_S_00072	nn	2,20	0,29	100,00	
GWSS_E_00031_SE_01
	GWSS_S_00056	DIS_1	1,35	2,32	33,33	
	GWSS_S_00059	DIS_2	1,80	1,28	75,00	
	GWSS_S_00062	DIS_3	0,90	0,20	50,00	
	GWSS_S_00063	DIS_4	14,41	13,04	28,13	
	GWSS_S_00055	MOD	10,36	1,53	69,57	
	GWSS_S_00051	TP_0246	44,59	80,17	61,62	
	GWSS_S_00072	nn	26,58	1,46	91,53	
GWSS_E_00032_SE_01
	GWSS_S_00056	DIS_1	1,50	1,28	55,56	
	GWSS_S_00059	DIS_2	1,83	2,33	27,27	
	GWSS_S_00062	DIS_3	5,16	4,42	38,71	
	GWSS_S_00063	DIS_4	1,33	2,26	0,00	
	GWSS_S_00055	MOD	10,15	8,65	31,15	
	GWSS_S_00052	OLA_0247	77,04	80,50	27,43	
	GWSS_S_00072	nn	3,00	0,56	94,44	
GWSS_E_00033_SE_01
	GWSS_S_00056	DIS_1	5,26	1,82	83,33	
	GWSS_S_00059	DIS_2	8,77	2,14	60,00	
	GWSS_S_00062	DIS_3	2,63	1,04	33,33	
	GWSS_S_00063	DIS_4	3,51	1,54	50,00	
	GWSS_S_00064	DIS_5	4,39	2,95	40,00	
	GWSS_S_00054	FV_0249	33,33	51,90	34,21	
	GWSS_S_00055	MOD	9,65	3,45	54,55	
	GWSS_S_00053	RE_0248	19,30	34,70	40,91	
	GWSS_S_00072	nn	13,16	0,47	80,00	
GWSS_E_00034_SE_01
	GWSS_S_00119	DIS_1	3,79	5,08	8,00	
	GWSS_S_00120	DIS_2	4,70	4,36	16,13	
	GWSS_S_00114	JS_0215	51,90	45,23	30,70	
	GWSS_S_00077	KK_0217	39,00	45,26	33,85	
	GWSS_S_00132	nn	0,61	0,08	100,00	
GWSS_E_00035_SE_01
	GWSS_S_00102	BS_0204	39,85	45,41	16,98	
	GWSS_S_00101	JG_0205	1,50	2,72	0,00	
	GWSS_S_00099	RS_0203	45,49	37,47	21,49	
	GWSS_S_00100	SA_0206	13,16	14,40	45,71	
	GWSS_S_00132	nn	0,00	0,00	NaN	
GWSS_E_00036_SE_01
	GWSS_S_00121	BSP_1	4,68	0,65	94,12	
	GWSS_S_00101	JG_0205	7,71	10,09	25,00	
	GWSS_S_00103	KS_0207	80,44	81,94	17,81	
	GWSS_S_00100	SA_0206	7,16	7,32	50,00	
	GWSS_S_00132	nn	0,00	0,00	NaN	
GWSS_E_00037_SE_01
	GWSS_S_00119	DIS_1	1,32	0,23	0,00	
	GWSS_S_00120	DIS_2	2,63	0,99	0,00	
	GWSS_S_00122	DIS_3	2,63	1,04	0,00	
	GWSS_S_00123	DIS_4	5,26	1,30	25,00	
	GWSS_S_00101	JG_0205	18,42	8,97	42,86	
	GWSS_S_00106	JP_0208	25,00	35,22	26,32	
	GWSS_S_00104	LL_0210	18,42	21,00	14,29	
	GWSS_S_00105	TB_0209	18,42	30,86	42,86	
	GWSS_S_00132	nn	7,89	0,37	66,67	
GWSS_E_00038_SE_01
	GWSS_S_00107	AI_0212	9,68	26,34	33,33	
	GWSS_S_00108	AM_0211	38,71	52,06	16,67	
	GWSS_S_00112	AT_0213	16,13	5,21	40,00	
	GWSS_S_00119	DIS_1	6,45	0,11	100,00	
	GWSS_S_00101	JG_0205	29,03	16,28	33,33	
	GWSS_S_00132	nn	0,00	0,00	NaN	
GWSS_E_00039_SE_01
	GWSS_S_00121	BSP_1	0,84	0,59	0,00	
	GWSS_S_00124	BSP_2	0,56	0,44	0,00	
	GWSS_S_00125	BSP_3	0,56	0,28	0,00	
	GWSS_S_00119	DIS_1	7,58	6,09	33,33	
	GWSS_S_00120	DIS_2	0,28	0,01	100,00	
	GWSS_S_00122	DIS_3	5,34	2,72	47,37	
	GWSS_S_00079	DM_0292	29,78	29,84	27,36	
	GWSS_S_00114	JS_0215	37,08	37,09	57,58	
	GWSS_S_00078	VPA_0293	13,20	22,56	27,66	
	GWSS_S_00132	nn	4,78	0,38	64,71	
GWSS_E_00040_SE_01
	GWSS_S_00119	DIS_1	3,08	3,10	16,67	
	GWSS_S_00131	DIS_10	0,77	2,17	0,00	
	GWSS_S_00120	DIS_2	0,77	1,62	0,00	
	GWSS_S_00122	DIS_3	5,64	5,99	22,73	
	GWSS_S_00123	DIS_4	0,26	0,61	0,00	
	GWSS_S_00126	DIS_5	1,79	2,00	0,00	
	GWSS_S_00127	DIS_6	0,00	0,00	NaN	
	GWSS_S_00128	DIS_7	1,79	2,49	0,00	
	GWSS_S_00129	DIS_8	0,00	0,00	NaN	
	GWSS_S_00130	DIS_9	0,51	0,23	50,00	
	GWSS_S_00080	LV_0295	2,05	0,98	25,00	
	GWSS_S_00075	TH_0296	83,08	80,79	19,75	
	GWSS_S_00132	nn	0,26	0,03	100,00	
GWSS_E_00041_SE_01
	GWSS_S_00119	DIS_1	0,25	0,87	0,00	
	GWSS_S_00120	DIS_2	5,24	4,76	23,81	
	GWSS_S_00122	DIS_3	0,50	0,66	0,00	
	GWSS_S_00123	DIS_4	1,25	1,43	0,00	
	GWSS_S_00126	DIS_5	2,49	2,72	30,00	
	GWSS_S_00127	DIS_6	0,50	0,56	0,00	
	GWSS_S_00113	DL_0231	82,54	84,42	18,13	
	GWSS_S_00080	LV_0295	6,48	4,50	23,08	
	GWSS_S_00132	nn	0,75	0,09	100,00	
GWSS_E_00042_SE_01
	GWSS_S_00119	DIS_1	1,04	0,82	25,00	
	GWSS_S_00131	DIS_10	0,78	0,39	33,33	
	GWSS_S_00120	DIS_2	0,26	0,14	0,00	
	GWSS_S_00122	DIS_3	0,78	1,53	0,00	
	GWSS_S_00123	DIS_4	1,83	2,00	28,57	
	GWSS_S_00126	DIS_5	0,78	1,78	0,00	
	GWSS_S_00127	DIS_6	1,83	3,17	0,00	
	GWSS_S_00128	DIS_7	4,70	8,20	0,00	
	GWSS_S_00129	DIS_8	3,92	4,39	33,33	
	GWSS_S_00130	DIS_9	4,18	5,28	25,00	
	GWSS_S_00076	FF_0294	78,59	71,33	31,56	
	GWSS_S_00080	LV_0295	0,78	0,75	0,00	
	GWSS_S_00132	nn	0,26	0,14	0,00	
GWSS_E_00043_SE_01
	GWSS_S_00097	DB_0221	12,84	13,00	14,29	
	GWSS_S_00119	DIS_1	2,75	2,15	66,67	
	GWSS_S_00120	DIS_2	1,83	0,46	0,00	
	GWSS_S_00122	DIS_3	2,75	1,88	0,00	
	GWSS_S_00123	DIS_4	2,75	1,79	0,00	
	GWSS_S_00126	DIS_5	0,92	1,71	0,00	
	GWSS_S_00127	DIS_6	0,92	0,76	0,00	
	GWSS_S_00128	DIS_7	0,92	0,05	0,00	
	GWSS_S_00110	LE_0201	9,17	8,46	30,00	
	GWSS_S_00098	LF_0223	0,00	0,00	NaN	
	GWSS_S_00090	LR_0222	18,35	7,37	55,00	
	GWSS_S_00085	MG_0290	0,92	13,77	0,00	
	GWSS_S_00089	MM_0288	1,83	9,94	50,00	
	GWSS_S_00086	SH_0291	2,75	4,43	66,67	
	GWSS_S_00087	SW_0289	39,45	34,05	41,86	
	GWSS_S_00132	nn	1,83	0,19	50,00	
GWSS_E_00044_SE_01
	GWSS_S_00097	DB_0221	13,33	13,63	0,00	
	GWSS_S_00119	DIS_1	9,33	1,53	28,57	
	GWSS_S_00120	DIS_2	2,67	0,91	50,00	
	GWSS_S_00083	HM_0220	16,00	21,32	66,67	
	GWSS_S_00110	LE_0201	2,67	1,62	0,00	
	GWSS_S_00098	LF_0223	9,33	6,79	0,00	
	GWSS_S_00091	LP_0219	8,00	22,74	16,67	
	GWSS_S_00090	LR_0222	12,00	11,10	22,22	
	GWSS_S_00081	SG_0218	10,67	19,85	62,50	
	GWSS_S_00132	nn	16,00	0,51	100,00	
GWSS_E_00045_SE_01
	GWSS_S_00088	CN_0285	9,09	20,98	22,22	
	GWSS_S_00097	DB_0221	10,10	14,14	20,00	
	GWSS_S_00119	DIS_1	1,01	1,49	0,00	
	GWSS_S_00120	DIS_2	3,03	1,55	0,00	
	GWSS_S_00122	DIS_3	3,03	1,58	0,00	
	GWSS_S_00123	DIS_4	2,02	2,09	0,00	
	GWSS_S_00082	FB_0286	33,33	18,38	51,52	
	GWSS_S_00110	LE_0201	2,02	4,20	0,00	
	GWSS_S_00098	LF_0223	4,04	9,35	25,00	
	GWSS_S_00090	LR_0222	24,24	15,66	20,83	
	GWSS_S_00084	WZ_0284	8,08	10,58	12,50	
	GWSS_S_00132	nn	0,00	0,00	NaN	
GWSS_E_00046_SE_01
	GWSS_S_00096	CK_0227	9,41	15,96	50,00	
	GWSS_S_00097	DB_0221	4,71	8,90	0,00	
	GWSS_S_00119	DIS_1	3,53	2,76	33,33	
	GWSS_S_00120	DIS_2	1,18	0,09	0,00	
	GWSS_S_00122	DIS_3	10,59	5,92	22,22	
	GWSS_S_00094	IF_0225	9,41	14,48	25,00	
	GWSS_S_00110	LE_0201	4,71	4,59	0,00	
	GWSS_S_00098	LF_0223	7,06	6,93	33,33	
	GWSS_S_00090	LR_0222	20,00	12,10	35,29	
	GWSS_S_00095	MH_0226	1,18	8,92	0,00	
	GWSS_S_00093	MS_0224	15,29	18,76	23,08	
	GWSS_S_00132	nn	12,94	0,60	63,64	
GWSS_E_00047_SE_01
	GWSS_S_00119	DIS_1	4,36	1,03	81,25	
	GWSS_S_00120	DIS_2	0,27	0,11	0,00	
	GWSS_S_00122	DIS_3	4,36	6,01	25,00	
	GWSS_S_00123	DIS_4	6,81	6,31	24,00	
	GWSS_S_00126	DIS_5	1,36	1,88	20,00	
	GWSS_S_00127	DIS_6	2,72	4,67	0,00	
	GWSS_S_00128	DIS_7	2,18	2,99	25,00	
	GWSS_S_00129	DIS_8	1,36	1,91	20,00	
	GWSS_S_00115	LS_0277	0,82	0,34	33,33	
	GWSS_S_00092	SK_0232	73,02	73,98	27,99	
	GWSS_S_00132	nn	2,72	0,77	80,00	
GWSS_E_00048_SE_01
	GWSS_S_00097	DB_0221	22,96	27,05	35,48	
	GWSS_S_00119	DIS_1	8,15	5,86	18,18	
	GWSS_S_00073	GW_0230	19,26	20,43	46,15	
	GWSS_S_00109	KAM_0229	3,70	5,65	40,00	
	GWSS_S_00074	LPH_0228	34,07	40,63	32,61	
	GWSS_S_00132	nn	11,85	0,37	93,75	
GWSS_E_00049_SE_01
	GWSS_S_00118	CR_0283	33,33	27,61	35,71	
	GWSS_S_00119	DIS_1	7,14	8,11	16,67	
	GWSS_S_00116	GRC_0281	3,57	6,50	0,00	
	GWSS_S_00110	LE_0201	4,76	15,07	25,00	
	GWSS_S_00090	LR_0222	16,67	20,05	35,71	
	GWSS_S_00117	NP_0282	9,52	14,67	12,50	
	GWSS_S_00111	SP_0202	5,95	7,08	60,00	
	GWSS_S_00132	nn	19,05	0,92	81,25	
GWSS_E_00050_SE_01
	GWSS_S_00158	AN_0298	51,75	48,06	18,64	
	GWSS_S_00159	IB_0297	32,02	32,95	15,07	
	GWSS_S_00157	JG_0205	4,82	4,40	27,27	
	GWSS_S_00156	SA_0206	10,96	14,49	36,00	
	GWSS_S_00188	nn	0,44	0,10	100,00	
GWSS_E_00051_SE_01
	GWSS_S_00178	DIS_1	1,77	1,90	25,00	
	GWSS_S_00168	LE_0201	5,47	4,84	43,24	
	GWSS_S_00135	OF_0216	87,74	90,33	20,88	
	GWSS_S_00169	SP_0202	3,99	2,70	51,85	
	GWSS_S_00188	nn	1,03	0,23	85,71	
GWSS_E_00052_SE_01
	GWSS_S_00178	DIS_1	0,32	0,23	0,00	
	GWSS_S_00179	DIS_2	0,64	0,99	0,00	
	GWSS_S_00180	DIS_3	0,96	1,04	0,00	
	GWSS_S_00181	DIS_4	1,28	1,28	25,00	
	GWSS_S_00157	JG_0205	8,95	8,97	32,14	
	GWSS_S_00162	JP_0208	38,02	35,26	16,81	
	GWSS_S_00160	LL_0210	24,60	21,00	11,69	
	GWSS_S_00161	TB_0209	23,00	30,83	19,44	
	GWSS_S_00188	nn	1,92	0,37	66,67	
GWSS_E_00053_SE_01
	GWSS_S_00163	AI_0212	34,70	26,35	22,37	
	GWSS_S_00164	AM_0211	40,18	52,04	12,50	
	GWSS_S_00170	AT_0213	5,02	5,21	27,27	
	GWSS_S_00178	DIS_1	0,91	0,11	100,00	
	GWSS_S_00157	JG_0205	19,18	16,29	23,81	
	GWSS_S_00188	nn	0,00	0,00	NaN	
GWSS_E_00054_SE_01
	GWSS_S_00182	BSP_1	0,49	0,59	33,33	
	GWSS_S_00183	BSP_2	0,41	0,45	0,00	
	GWSS_S_00184	BSP_3	0,16	0,28	0,00	
	GWSS_S_00178	DIS_1	5,75	6,08	26,76	
	GWSS_S_00179	DIS_2	0,08	0,01	100,00	
	GWSS_S_00180	DIS_3	1,78	2,72	36,36	
	GWSS_S_00138	DM_0292	30,06	29,85	27,76	
	GWSS_S_00171	JS_0215	35,90	37,03	29,35	
	GWSS_S_00137	VPA_0293	23,99	22,62	23,65	
	GWSS_S_00188	nn	1,38	0,38	70,59	
GWSS_E_00055_SE_01
	GWSS_S_00136	AGA_0214	86,88	87,83	22,24	
	GWSS_S_00182	BSP_1	6,03	1,61	70,59	
	GWSS_S_00178	DIS_1	0,35	0,34	0,00	
	GWSS_S_00179	DIS_2	0,18	0,06	100,00	
	GWSS_S_00171	JS_0215	6,03	10,05	17,65	
	GWSS_S_00188	nn	0,53	0,11	100,00	
GWSS_E_00056_SE_01
	GWSS_S_00154	DB_0221	20,49	12,96	18,00	
	GWSS_S_00178	DIS_1	2,05	2,15	20,00	
	GWSS_S_00179	DIS_2	0,61	0,46	33,33	
	GWSS_S_00180	DIS_3	1,64	1,88	0,00	
	GWSS_S_00181	DIS_4	1,64	1,80	12,50	
	GWSS_S_00185	DIS_5	0,61	1,71	0,00	
	GWSS_S_00186	DIS_6	0,82	0,74	25,00	
	GWSS_S_00187	DIS_7	0,20	0,05	0,00	
	GWSS_S_00168	LE_0201	7,79	8,49	10,53	
	GWSS_S_00155	LF_0223	0,00	0,00	NaN	
	GWSS_S_00148	LR_0222	7,79	7,31	31,58	
	GWSS_S_00143	MG_0290	13,52	13,77	19,70	
	GWSS_S_00147	MM_0288	7,38	9,93	8,33	
	GWSS_S_00144	SH_0291	4,51	4,42	18,18	
	GWSS_S_00145	SW_0289	30,53	34,13	18,79	
	GWSS_S_00188	nn	0,41	0,19	50,00	
GWSS_E_00057_SE_01
	GWSS_S_00154	DB_0221	15,43	13,60	16,07	
	GWSS_S_00178	DIS_1	2,48	1,50	22,22	
	GWSS_S_00179	DIS_2	1,10	0,91	25,00	
	GWSS_S_00141	HM_0220	19,83	21,41	19,44	
	GWSS_S_00168	LE_0201	1,38	1,62	20,00	
	GWSS_S_00155	LF_0223	6,89	6,79	24,00	
	GWSS_S_00149	LP_0219	24,79	22,74	17,78	
	GWSS_S_00148	LR_0222	6,61	11,10	25,00	
	GWSS_S_00139	SG_0218	18,18	19,82	18,18	
	GWSS_S_00188	nn	3,31	0,51	100,00	
GWSS_E_00058_SE_01
	GWSS_S_00146	CN_0285	20,26	20,95	15,82	
	GWSS_S_00154	DB_0221	17,31	14,14	19,26	
	GWSS_S_00178	DIS_1	1,54	1,49	16,67	
	GWSS_S_00179	DIS_2	1,92	1,55	13,33	
	GWSS_S_00180	DIS_3	0,64	1,58	0,00	
	GWSS_S_00181	DIS_4	1,79	2,08	28,57	
	GWSS_S_00140	FB_0286	23,46	18,37	28,42	
	GWSS_S_00168	LE_0201	3,46	4,20	14,81	
	GWSS_S_00155	LF_0223	7,95	9,34	24,19	
	GWSS_S_00148	LR_0222	8,46	15,62	15,15	
	GWSS_S_00142	WZ_0284	13,21	10,69	29,13	
	GWSS_S_00188	nn	0,00	0,00	NaN	
GWSS_E_00059_SE_01
	GWSS_S_00153	CK_0227	13,30	15,96	15,58	
	GWSS_S_00154	DB_0221	7,43	8,88	9,30	
	GWSS_S_00178	DIS_1	1,73	2,76	20,00	
	GWSS_S_00179	DIS_2	0,17	0,09	0,00	
	GWSS_S_00180	DIS_3	3,28	6,02	15,79	
	GWSS_S_00151	IF_0225	14,16	14,46	20,73	
	GWSS_S_00168	LE_0201	2,76	4,56	6,25	
	GWSS_S_00155	LF_0223	5,70	6,94	21,21	
	GWSS_S_00148	LR_0222	7,94	12,08	19,57	
	GWSS_S_00152	MH_0226	23,14	8,88	57,46	
	GWSS_S_00150	MS_0224	18,48	18,78	29,91	
	GWSS_S_00188	nn	1,90	0,57	63,64	
GWSS_E_00060_SE_01
	GWSS_S_00154	DB_0221	28,27	27,02	23,51	
	GWSS_S_00178	DIS_1	5,38	5,85	29,41	
	GWSS_S_00133	GW_0230	19,20	20,45	30,22	
	GWSS_S_00165	KAM_0229	4,01	5,66	13,16	
	GWSS_S_00134	LPH_0228	41,46	40,65	28,75	
	GWSS_S_00188	nn	1,69	0,37	93,75	
GWSS_E_00061_SE_01
	GWSS_S_00158	AN_0298	10,83	12,66	19,51	
	GWSS_S_00154	DB_0221	22,06	22,81	18,56	
	GWSS_S_00178	DIS_1	1,06	1,14	50,00	
	GWSS_S_00179	DIS_2	6,21	6,01	34,04	
	GWSS_S_00180	DIS_3	3,30	3,13	20,00	
	GWSS_S_00181	DIS_4	0,00	0,00	NaN	
	GWSS_S_00185	DIS_5	0,00	0,00	NaN	
	GWSS_S_00166	EK_0309	19,82	23,93	17,33	
	GWSS_S_00159	IB_0297	32,23	29,31	21,31	
	GWSS_S_00188	nn	4,49	1,01	88,24	
GWSS_E_00062_SE_01
	GWSS_S_00178	DIS_1	1,34	1,17	71,43	
	GWSS_S_00179	DIS_2	1,15	1,70	50,00	
	GWSS_S_00180	DIS_3	1,34	3,30	14,29	
	GWSS_S_00181	DIS_4	0,77	0,69	50,00	
	GWSS_S_00167	PS_0287	72,55	53,59	45,24	
	GWSS_S_00156	SA_0206	22,46	39,36	26,50	
	GWSS_S_00188	nn	0,38	0,20	50,00	
GWSS_E_00063_SE_01
	GWSS_S_00174	CR_0283	37,35	27,66	29,61	
	GWSS_S_00178	DIS_1	6,39	8,10	15,38	
	GWSS_S_00172	GRC_0281	10,81	6,52	36,36	
	GWSS_S_00168	LE_0201	11,79	15,08	22,92	
	GWSS_S_00148	LR_0222	6,88	20,05	25,00	
	GWSS_S_00173	NP_0282	16,22	14,71	28,79	
	GWSS_S_00169	SP_0202	6,63	7,10	33,33	
	GWSS_S_00188	nn	3,93	0,78	81,25	
GWSS_E_00064_SE_01
	GWSS_S_00178	DIS_1	1,76	3,30	0,00	
	GWSS_S_00177	HH_0279	17,01	18,03	12,07	
	GWSS_S_00168	LE_0201	18,48	11,60	25,40	
	GWSS_S_00148	LR_0222	4,69	8,30	12,50	
	GWSS_S_00176	MO_0280	19,35	29,12	16,67	
	GWSS_S_00175	SE_0278	14,66	19,02	16,00	
	GWSS_S_00169	SP_0202	16,42	9,59	21,43	
	GWSS_S_00188	nn	7,62	1,04	84,62	
GWSS_E_00065_SE_01
	GWSS_S_00226	BS	0,69	0,37	66,67	
	GWSS_S_00195	JS_0215	58,89	37,73	64,71	
	GWSS_S_00194	LV_0295	39,95	61,84	42,20	
	GWSS_S_00227	nn	0,46	0,05	100,00	
GWSS_E_00066_SE_01
	GWSS_S_00226	BS	0,00	0,00	NaN	
	GWSS_S_00195	JS_0215	55,01	48,21	53,78	
	GWSS_S_00189	KAM_0229	44,74	51,73	39,89	
	GWSS_S_00227	nn	0,24	0,06	100,00	
GWSS_E_00067_SE_01
	GWSS_S_00190	AGA_0214	48,04	50,16	43,54	
	GWSS_S_00195	JS_0215	51,96	49,84	58,49	
	GWSS_S_00227	nn	0,00	0,00	NaN	
GWSS_E_00069_SE_01
	GWSS_S_00203	MS_0251	0,63	0,17	0,00	
	GWSS_S_00192	SA_0206	54,09	51,68	51,16	
	GWSS_S_00197	VB_0252	45,28	48,15	26,39	
	GWSS_S_00227	nn	0,00	0,00	NaN	
GWSS_E_00070_SE_01
	GWSS_S_00204	EC_0254	15,13	10,93	50,85	
	GWSS_S_00192	SA_0206	42,82	52,65	41,92	
	GWSS_S_00198	SH_0253	40,77	36,11	44,65	
	GWSS_S_00227	nn	1,28	0,31	100,00	
GWSS_E_00071_SE_01
	GWSS_S_00204	EC_0254	7,45	10,25	51,22	
	GWSS_S_00199	MH_0226	49,82	26,12	67,52	
	GWSS_S_00192	SA_0206	42,55	63,55	31,62	
	GWSS_S_00227	nn	0,18	0,08	100,00	
GWSS_E_00072_SE_01
	GWSS_S_00204	EC_0254	8,81	5,93	29,41	
	GWSS_S_00200	MK_0256	44,56	42,69	39,53	
	GWSS_S_00192	SA_0206	46,63	51,38	48,89	
	GWSS_S_00227	nn	0,00	0,00	NaN	
GWSS_E_00073_SE_01
	GWSS_S_00202	AW_0333	45,70	44,32	60,15	
	GWSS_S_00204	EC_0254	7,56	4,56	63,64	
	GWSS_S_00192	SA_0206	40,89	49,98	38,66	
	GWSS_S_00227	nn	5,84	1,14	94,12	
GWSS_E_00074_SE_01
	GWSS_S_00204	EC_0254	9,09	8,17	46,67	
	GWSS_S_00201	FVM_0258	43,84	20,13	70,51	
	GWSS_S_00192	SA_0206	46,26	71,50	31,88	
	GWSS_S_00227	nn	0,81	0,20	100,00	
GWSS_E_00075_SE_01
	GWSS_S_00206	BR_0259	45,57	38,57	36,24	
	GWSS_S_00226	BS	1,83	0,74	50,00	
	GWSS_S_00207	ND_0270	51,99	60,33	41,76	
	GWSS_S_00227	nn	0,61	0,36	50,00	
GWSS_E_00076_SE_01
	GWSS_S_00205	GK_0264	28,97	19,13	36,03	
	GWSS_S_00208	HO_0271	15,76	21,66	31,76	
	GWSS_S_00207	ND_0270	55,27	59,21	36,99	
	GWSS_S_00227	nn	0,00	0,00	NaN	
GWSS_E_00077_SE_01
	GWSS_S_00226	BS	1,76	0,43	50,00	
	GWSS_S_00195	JS_0215	65,20	43,07	64,86	
	GWSS_S_00209	NM_0303	31,28	55,00	16,90	
	GWSS_S_00227	nn	1,76	1,50	50,00	
GWSS_E_00078_SE_01
	GWSS_S_00210	AT_0213	26,69	55,28	30,38	
	GWSS_S_00226	BS	1,01	0,26	0,00	
	GWSS_S_00195	JS_0215	71,28	44,31	62,09	
	GWSS_S_00227	nn	1,01	0,15	66,67	
GWSS_E_00079_SE_01
	GWSS_S_00226	BS	0,30	0,03	100,00	
	GWSS_S_00211	IB_0297	41,84	51,39	41,13	
	GWSS_S_00195	JS_0215	57,57	48,52	46,39	
	GWSS_S_00227	nn	0,30	0,06	100,00	
GWSS_E_00080_SE_01
	GWSS_S_00213	CR_0307	14,59	11,14	56,88	
	GWSS_S_00196	JG_0205	40,03	47,00	45,15	
	GWSS_S_00212	VV_0308	45,38	41,86	43,07	
	GWSS_S_00227	nn	0,00	0,00	NaN	
GWSS_E_00081_SE_01
	GWSS_S_00222	AN_0329	22,13	11,84	49,38	
	GWSS_S_00219	EM_0326	7,47	6,59	51,22	
	GWSS_S_00220	JJ_0327	4,37	7,70	27,08	
	GWSS_S_00223	JM_0330	26,41	37,74	26,21	
	GWSS_S_00218	LE_0201	30,78	28,41	57,69	
	GWSS_S_00221	MS_0328	6,47	7,18	36,62	
	GWSS_S_00227	nn	2,37	0,53	96,15	
GWSS_E_00082_SE_01
	GWSS_S_00214	CD_0320	28,93	32,92	51,01	
	GWSS_S_00216	JD_0318	46,41	37,00	51,46	
	GWSS_S_00215	LP_0319	24,47	30,06	46,03	
	GWSS_S_00227	nn	0,19	0,02	100,00	
GWSS_E_00083_SE_01
	GWSS_S_00214	CD_0320	7,76	4,99	64,00	
	GWSS_S_00217	ED_0321	45,03	29,01	53,79	
	GWSS_S_00215	LP_0319	46,89	65,96	36,42	
	GWSS_S_00227	nn	0,31	0,04	100,00	
GWSS_E_00084_SE_01
	GWSS_S_00224	CV_0332	52,62	24,17	61,99	
	GWSS_S_00225	LQ_0331	47,38	75,83	35,71	
	GWSS_S_00227	nn	0,00	0,00	NaN	
GWSS_E_00085_SE_01
	GWSS_S_00302	LC_0449	48,21	35,21	59,26	
	GWSS_S_00283	MM_0403	51,79	64,79	37,93	
	GWSS_S_00318	nn	0,00	0,00	NaN	
GWSS_E_00086_SE_01
	GWSS_S_00284	JS_0404	64,41	63,90	34,21	
	GWSS_S_00302	LC_0449	35,59	36,10	42,86	
	GWSS_S_00318	nn	0,00	0,00	NaN	
GWSS_E_00087_SE_01
	GWSS_S_00285	KG_0405	45,21	50,76	42,42	
	GWSS_S_00302	LC_0449	53,42	48,98	51,28	
	GWSS_S_00318	nn	1,37	0,25	100,00	
GWSS_E_00088_SE_01
	GWSS_S_00302	LC_0449	55,21	26,92	75,47	
	GWSS_S_00286	MJ_0406	44,79	73,08	20,93	
	GWSS_S_00318	nn	0,00	0,00	NaN	
GWSS_E_00089_SE_01
	GWSS_S_00287	AP_0407	50,53	47,14	35,42	
	GWSS_S_00302	LC_0449	49,47	52,86	53,19	
	GWSS_S_00318	nn	0,00	0,00	NaN	
GWSS_E_00090_SE_01
	GWSS_S_00288	KB_0408	53,00	48,01	43,40	
	GWSS_S_00302	LC_0449	47,00	51,99	48,94	
	GWSS_S_00318	nn	0,00	0,00	NaN	
GWSS_E_00091_SE_01
	GWSS_S_00302	LC_0449	54,05	44,58	40,00	
	GWSS_S_00289	MM_0409	45,95	55,42	41,18	
	GWSS_S_00318	nn	0,00	0,00	NaN	
GWSS_E_00092_SE_01
	GWSS_S_00302	LC_0449	53,85	51,03	0,00	
	GWSS_S_00290	TK_0410	46,15	48,97	58,33	
	GWSS_S_00318	nn	0,00	0,00	NaN	
GWSS_E_00093_SE_01
	GWSS_S_00291	KS_0411	44,12	61,71	20,00	
	GWSS_S_00302	LC_0449	55,88	38,29	73,68	
	GWSS_S_00318	nn	0,00	0,00	NaN	
GWSS_E_00094_SE_01
	GWSS_S_00292	JK_0412	51,25	42,09	43,90	
	GWSS_S_00302	LC_0449	48,75	57,91	43,59	
	GWSS_S_00318	nn	0,00	0,00	NaN	
GWSS_E_00095_SE_01
	GWSS_S_00302	LC_0449	54,22	41,97	55,56	
	GWSS_S_00293	TC_0413	45,78	58,03	34,21	
	GWSS_S_00318	nn	0,00	0,00	NaN	
GWSS_E_00096_SE_01
	GWSS_S_00294	AC_0414	56,76	48,31	52,38	
	GWSS_S_00302	LC_0449	43,24	51,69	37,50	
	GWSS_S_00318	nn	0,00	0,00	NaN	
GWSS_E_00097_SE_01
	GWSS_S_00302	LC_0449	48,39	37,22	43,33	
	GWSS_S_00295	MZ_0415	50,00	62,65	25,81	
	GWSS_S_00318	nn	1,61	0,13	100,00	
GWSS_E_00098_SE_01
	GWSS_S_00296	KC_0416	33,33	78,24	25,00	
	GWSS_S_00302	LC_0449	65,48	21,65	78,18	
	GWSS_S_00318	nn	1,19	0,11	100,00	
GWSS_E_00099_SE_01
	GWSS_S_00297	EB_0417	45,90	45,68	50,00	
	GWSS_S_00302	LC_0449	54,10	54,32	42,42	
	GWSS_S_00318	nn	0,00	0,00	NaN	
GWSS_E_00100_SE_01
	GWSS_S_00298	KW_0418	60,32	55,83	44,74	
	GWSS_S_00302	LC_0449	39,68	44,17	32,00	
	GWSS_S_00318	nn	0,00	0,00	NaN	
GWSS_E_00101_SE_01
	GWSS_S_00299	AK_0419	47,22	53,94	35,29	
	GWSS_S_00302	LC_0449	52,78	46,06	26,32	
	GWSS_S_00318	nn	0,00	0,00	NaN	
GWSS_E_00102_SE_01
	GWSS_S_00300	AK_0421	43,28	39,66	34,48	
	GWSS_S_00302	LC_0449	56,72	60,34	31,58	
	GWSS_S_00318	nn	0,00	0,00	NaN	
GWSS_E_00103_SE_01
	GWSS_S_00301	AJ_0422	45,65	53,81	38,10	
	GWSS_S_00302	LC_0449	54,35	46,19	36,00	
	GWSS_S_00318	nn	0,00	0,00	NaN	
GWSS_E_00104_SE_01
	GWSS_S_00228	AL_0426	53,85	35,88	47,62	
	GWSS_S_00302	LC_0449	46,15	64,12	16,67	
	GWSS_S_00318	nn	0,00	0,00	NaN	
GWSS_E_00105_SE_01
	GWSS_S_00302	LC_0449	38,46	48,64	20,00	
	GWSS_S_00229	PM_0427	58,97	51,14	65,22	
	GWSS_S_00318	nn	2,56	0,23	100,00	
GWSS_E_00106_SE_01
	GWSS_S_00302	LC_0449	50,00	65,60	28,95	
	GWSS_S_00230	MM_0428	50,00	34,40	31,58	
	GWSS_S_00318	nn	0,00	0,00	NaN	
GWSS_E_00107_SE_01
	GWSS_S_00231	AA_0429	41,67	79,53	16,00	
	GWSS_S_00302	LC_0449	58,33	20,47	40,00	
	GWSS_S_00318	nn	0,00	0,00	NaN	
GWSS_E_00108_SE_01
	GWSS_S_00232	AC_0430	46,88	81,31	20,00	
	GWSS_S_00302	LC_0449	53,13	18,69	41,18	
	GWSS_S_00318	nn	0,00	0,00	NaN	
GWSS_E_00109_SE_01
	GWSS_S_00302	LC_0449	46,30	66,35	36,00	
	GWSS_S_00233	MK_0431	51,85	33,27	53,57	
	GWSS_S_00318	nn	1,85	0,38	100,00	
GWSS_E_00110_SE_01
	GWSS_S_00302	LC_0449	60,53	55,32	30,43	
	GWSS_S_00234	ZG_0432	39,47	44,68	13,33	
	GWSS_S_00318	nn	0,00	0,00	NaN	
GWSS_E_00111_SE_01
	GWSS_S_00302	LC_0449	56,99	22,22	73,58	
	GWSS_S_00235	NB_0433	43,01	77,78	15,00	
	GWSS_S_00318	nn	0,00	0,00	NaN	
GWSS_E_00112_SE_01
	GWSS_S_00302	LC_0449	57,14	22,68	56,25	
	GWSS_S_00236	OA_0434	39,29	77,06	36,36	
	GWSS_S_00318	nn	3,57	0,26	100,00	
GWSS_E_00113_SE_01
	GWSS_S_00237	AG_0435	41,56	68,51	18,75	
	GWSS_S_00302	LC_0449	57,14	31,20	63,64	
	GWSS_S_00318	nn	1,30	0,29	100,00	
GWSS_E_00114_SE_01
	GWSS_S_00302	LC_0449	50,00	29,84	45,00	
	GWSS_S_00238	SŁ_0437	50,00	70,16	25,00	
	GWSS_S_00318	nn	0,00	0,00	NaN	
GWSS_E_00115_SE_01
	GWSS_S_00302	LC_0449	54,95	22,11	66,00	
	GWSS_S_00239	MK_0440	45,05	77,89	19,51	
	GWSS_S_00318	nn	0,00	0,00	NaN	
GWSS_E_00116_SE_01
	GWSS_S_00302	LC_0449	46,25	45,08	29,73	
	GWSS_S_00240	NB_0441	52,50	54,53	52,38	
	GWSS_S_00318	nn	1,25	0,39	100,00	
GWSS_E_00117_SE_01
	GWSS_S_00302	LC_0449	41,18	66,79	7,14	
	GWSS_S_00241	NK_0442	58,82	33,21	60,00	
	GWSS_S_00318	nn	0,00	0,00	NaN	
GWSS_E_00118_SE_01
	GWSS_S_00242	KS_0443	48,00	33,99	36,11	
	GWSS_S_00302	LC_0449	52,00	66,01	33,33	
	GWSS_S_00318	nn	0,00	0,00	NaN	
GWSS_E_00119_SE_01
	GWSS_S_00302	LC_0449	52,08	34,64	66,00	
	GWSS_S_00243	MZ_0444	47,92	65,36	43,48	
	GWSS_S_00318	nn	0,00	0,00	NaN	
GWSS_E_00120_SE_01
	GWSS_S_00244	KL_0445	47,73	64,79	42,86	
	GWSS_S_00302	LC_0449	52,27	35,21	60,87	
	GWSS_S_00318	nn	0,00	0,00	NaN	
GWSS_E_00121_SE_01
	GWSS_S_00302	LC_0449	49,30	37,85	54,29	
	GWSS_S_00245	SJ_0446	50,70	62,15	44,44	
	GWSS_S_00318	nn	0,00	0,00	NaN	
GWSS_E_00122_SE_01
	GWSS_S_00246	AK_0447	48,89	40,97	43,18	
	GWSS_S_00302	LC_0449	51,11	59,03	41,30	
	GWSS_S_00318	nn	0,00	0,00	NaN	
GWSS_E_00123_SE_01
	GWSS_S_00247	AZ_0448	46,67	54,85	28,57	
	GWSS_S_00302	LC_0449	53,33	45,15	50,00	
	GWSS_S_00318	nn	0,00	0,00	NaN	
GWSS_E_00124_SE_01
	GWSS_S_00248	JN_0451	54,10	36,48	54,55	
	GWSS_S_00302	LC_0449	45,90	63,52	42,86	
	GWSS_S_00318	nn	0,00	0,00	NaN	
GWSS_E_00125_SE_01
	GWSS_S_00302	LC_0449	45,83	50,00	36,36	
	GWSS_S_00249	MW_0453	52,08	48,96	52,00	
	GWSS_S_00318	nn	2,08	1,04	0,00	
GWSS_E_00126_SE_01
	GWSS_S_00302	LC_0449	52,94	17,14	50,00	
	GWSS_S_00250	MZ_0454	47,06	82,86	43,75	
	GWSS_S_00318	nn	0,00	0,00	NaN	
GWSS_E_00127_SE_01
	GWSS_S_00251	AW_0455	50,00	54,43	60,00	
	GWSS_S_00302	LC_0449	50,00	45,57	26,67	
	GWSS_S_00318	nn	0,00	0,00	NaN	
GWSS_E_00128_SE_01
	GWSS_S_00252	ES_0456	33,33	37,50	30,00	
	GWSS_S_00302	LC_0449	66,67	62,50	35,00	
	GWSS_S_00318	nn	0,00	0,00	NaN	
GWSS_E_00129_SE_01
	GWSS_S_00253	JS_0457	50,00	36,30	37,84	
	GWSS_S_00302	LC_0449	48,65	63,26	61,11	
	GWSS_S_00318	nn	1,35	0,44	0,00	
GWSS_E_00130_SE_01
	GWSS_S_00254	AF_0458	52,31	59,67	61,76	
	GWSS_S_00302	LC_0449	47,69	40,33	58,06	
	GWSS_S_00318	nn	0,00	0,00	NaN	
GWSS_E_00131_SE_01
	GWSS_S_00302	LC_0449	58,06	32,59	55,56	
	GWSS_S_00255	PC_0459	41,94	67,41	30,77	
	GWSS_S_00318	nn	0,00	0,00	NaN	
GWSS_E_00132_SE_01
	GWSS_S_00256	JF_0460	43,14	71,23	22,73	
	GWSS_S_00302	LC_0449	56,86	28,77	65,52	
	GWSS_S_00318	nn	0,00	0,00	NaN	
GWSS_E_00133_SE_01
	GWSS_S_00302	LC_0449	59,18	39,44	58,62	
	GWSS_S_00257	MD_0461	40,82	60,56	35,00	
	GWSS_S_00318	nn	0,00	0,00	NaN	
GWSS_E_00134_SE_01
	GWSS_S_00302	LC_0449	48,78	49,15	45,00	
	GWSS_S_00258	NG_0462	51,22	50,85	33,33	
	GWSS_S_00318	nn	0,00	0,00	NaN	
GWSS_E_00135_SE_01
	GWSS_S_00259	AL_0463	53,66	53,00	54,55	
	GWSS_S_00302	LC_0449	43,90	46,47	27,78	
	GWSS_S_00318	nn	2,44	0,53	0,00	
GWSS_E_00136_SE_01
	GWSS_S_00275	BW_0464	32,00	73,85	43,75	
	GWSS_S_00302	LC_0449	68,00	26,15	67,65	
	GWSS_S_00318	nn	0,00	0,00	NaN	
GWSS_E_00137_SE_01
	GWSS_S_00276	JU_0465	30,56	82,22	9,09	
	GWSS_S_00302	LC_0449	69,44	17,78	72,00	
	GWSS_S_00318	nn	0,00	0,00	NaN	
GWSS_E_00138_SE_01
	GWSS_S_00302	LC_0449	55,00	39,92	63,64	
	GWSS_S_00277	TM_0466	45,00	60,08	40,74	
	GWSS_S_00318	nn	0,00	0,00	NaN	
GWSS_E_00139_SE_01
	GWSS_S_00302	LC_0449	53,52	50,00	57,89	
	GWSS_S_00278	MK_0467	46,48	50,00	36,36	
	GWSS_S_00318	nn	0,00	0,00	NaN	
GWSS_E_00140_SE_01
	GWSS_S_00279	AP_0468	52,94	48,38	38,89	
	GWSS_S_00302	LC_0449	47,06	51,62	43,75	
	GWSS_S_00318	nn	0,00	0,00	NaN	
GWSS_E_00141_SE_01
	GWSS_S_00280	AK_0469	38,33	67,23	26,09	
	GWSS_S_00302	LC_0449	61,67	32,77	64,86	
	GWSS_S_00318	nn	0,00	0,00	NaN	
GWSS_E_00142_SE_01
	GWSS_S_00281	KK_0470	50,00	66,51	50,00	
	GWSS_S_00302	LC_0449	50,00	33,49	71,43	
	GWSS_S_00318	nn	0,00	0,00	NaN	
GWSS_E_00143_SE_01
	GWSS_S_00282	EK_0401	53,42	83,33	43,59	
	GWSS_S_00302	LC_0449	46,58	16,67	58,82	
	GWSS_S_00318	nn	0,00	0,00	NaN	
GWSS_E_00144_SE_01
	GWSS_S_00303	AT_0450	51,63	40,21	30,53	
	GWSS_S_00260	KK_0471	23,91	29,52	31,82	
	GWSS_S_00261	PK_0472	24,46	30,27	48,89	
	GWSS_S_00318	nn	0,00	0,00	NaN	
GWSS_E_00145_SE_01
	GWSS_S_00303	AT_0450	46,72	39,47	17,76	
	GWSS_S_00262	BK_0473	25,33	27,85	24,14	
	GWSS_S_00263	MK_0474	27,95	32,68	35,94	
	GWSS_S_00318	nn	0,00	0,00	NaN	
GWSS_E_00146_SE_01
	GWSS_S_00303	AT_0450	44,65	39,15	20,66	
	GWSS_S_00265	JK_0476	9,59	22,43	34,62	
	GWSS_S_00266	JK_0477	12,92	20,39	40,00	
	GWSS_S_00264	PG_0475	31,73	17,77	59,30	
	GWSS_S_00318	nn	1,11	0,25	66,67	
GWSS_E_00147_SE_01
	GWSS_S_00303	AT_0450	54,22	59,43	22,22	
	GWSS_S_00267	KK_0485	19,28	18,53	43,75	
	GWSS_S_00268	MH_0486	26,51	22,04	33,33	
	GWSS_S_00318	nn	0,00	0,00	NaN	
GWSS_E_00148_SE_01
	GWSS_S_00303	AT_0450	46,31	49,95	27,86	
	GWSS_S_00270	DL_0488	19,35	17,20	60,71	
	GWSS_S_00269	JM_0487	15,90	13,35	47,83	
	GWSS_S_00271	MG_0489	18,43	19,50	41,25	
	GWSS_S_00318	nn	0,00	0,00	NaN	
GWSS_E_00149_SE_01
	GWSS_S_00303	AT_0450	45,00	43,14	15,20	
	GWSS_S_00272	AV_0490	22,37	26,02	40,00	
	GWSS_S_00273	JW_0491	14,21	15,58	40,74	
	GWSS_S_00274	SS_0492	18,42	15,27	38,57	
	GWSS_S_00318	nn	0,00	0,00	NaN	
GWSS_E_00150_SE_01
	GWSS_S_00306	JZ_1461	19,67	13,55	51,89	
	GWSS_S_00305	MŁ_1460	19,85	11,48	64,49	
	GWSS_S_00307	NŻ_1462	9,46	6,82	74,51	
	GWSS_S_00304	WK_1450	48,24	67,62	28,85	
	GWSS_S_00318	nn	2,78	0,53	86,67	
GWSS_E_00151_SE_01
	GWSS_S_00310	MM_1465	5,87	5,73	52,38	
	GWSS_S_00308	MP_1463	28,49	18,52	50,98	
	GWSS_S_00309	SP_1464	9,22	3,72	66,67	
	GWSS_S_00304	WK_1450	56,42	72,04	26,73	
	GWSS_S_00318	nn	0,00	0,00	NaN	
GWSS_E_00152_SE_01
	GWSS_S_00314	KB_1466	25,48	18,70	44,90	
	GWSS_S_00315	MR_1467	20,28	19,96	48,72	
	GWSS_S_00316	PM_1468	8,15	7,99	36,17	
	GWSS_S_00304	WK_1450	45,23	53,17	37,93	
	GWSS_S_00318	nn	0,87	0,17	80,00	
GWSS_E_00153_SE_01
	GWSS_S_00311	AK_1469	12,08	6,89	62,50	
	GWSS_S_00317	AM_1528	18,29	10,78	63,30	
	GWSS_S_00313	KK_1471	8,05	6,12	60,42	
	GWSS_S_00312	MC_1470	10,91	10,92	55,38	
	GWSS_S_00304	WK_1450	50,34	65,19	35,67	
	GWSS_S_00318	nn	0,34	0,11	50,00	
GWSS_E_00154_SE_01
	GWSS_S_00319	AP_0536	72,65	76,80	19,10	
	GWSS_S_00329	AT_0450	3,27	0,92	62,50	
	GWSS_S_00330	DIS_1	2,45	0,54	66,67	
	GWSS_S_00331	DIS_2	11,02	11,60	18,52	
	GWSS_S_00332	DIS_3	9,80	10,03	8,33	
	GWSS_S_00338	nn	0,41	0,08	100,00	
GWSS_E_00155_SE_01
	GWSS_S_00329	AT_0450	4,46	2,55	20,00	
	GWSS_S_00330	DIS_1	8,93	5,44	25,00	
	GWSS_S_00331	DIS_2	16,52	6,99	16,22	
	GWSS_S_00332	DIS_3	0,00	0,00	NaN	
	GWSS_S_00320	JDA_0537	64,73	84,58	28,28	
	GWSS_S_00338	nn	5,36	0,44	100,00	
GWSS_E_00156_SE_01
	GWSS_S_00329	AT_0450	2,47	1,15	12,50	
	GWSS_S_00330	DIS_1	27,47	18,15	29,21	
	GWSS_S_00331	DIS_2	13,27	8,39	39,53	
	GWSS_S_00321	TR_0538	51,85	71,50	8,93	
	GWSS_S_00338	nn	4,94	0,82	93,75	
GWSS_E_00157_SE_01
	GWSS_S_00330	DIS_1	10,88	11,20	21,05	
	GWSS_S_00331	DIS_2	7,25	5,56	26,32	
	GWSS_S_00332	DIS_3	2,67	2,46	35,71	
	GWSS_S_00334	DIS_4	0,57	0,22	33,33	
	GWSS_S_00322	JP_0543	75,19	79,27	28,93	
	GWSS_S_00333	MOD	2,67	1,10	42,86	
	GWSS_S_00338	nn	0,76	0,20	75,00	
GWSS_E_00158_SE_01
	GWSS_S_00330	DIS_1	17,14	14,86	33,33	
	GWSS_S_00323	GO_0545	81,14	84,39	23,59	
	GWSS_S_00333	MOD	1,43	0,66	20,00	
	GWSS_S_00338	nn	0,29	0,09	0,00	
GWSS_E_00159_SE_01
	GWSS_S_00330	DIS_1	10,80	8,37	38,71	
	GWSS_S_00324	MG_1514	87,11	90,88	23,60	
	GWSS_S_00333	MOD	1,39	0,66	25,00	
	GWSS_S_00338	nn	0,70	0,09	100,00	
GWSS_E_00160_SE_01
	GWSS_S_00330	DIS_1	6,55	4,96	13,64	
	GWSS_S_00331	DIS_2	18,75	10,81	28,57	
	GWSS_S_00332	DIS_3	1,19	0,49	75,00	
	GWSS_S_00334	DIS_4	0,30	0,49	0,00	
	GWSS_S_00325	IG_1515	69,94	82,59	31,49	
	GWSS_S_00333	MOD	1,19	0,26	75,00	
	GWSS_S_00338	nn	2,08	0,41	85,71	
GWSS_E_00161_SE_01
	GWSS_S_00330	DIS_1	4,11	5,23	33,33	
	GWSS_S_00331	DIS_2	22,60	12,29	30,30	
	GWSS_S_00332	DIS_3	2,74	1,35	25,00	
	GWSS_S_00326	JB_1516	58,22	79,88	24,71	
	GWSS_S_00333	MOD	2,05	0,60	33,33	
	GWSS_S_00338	nn	10,27	0,65	86,67	
GWSS_E_00162_SE_01
	GWSS_S_00335	BSP_1	0,60	2,82	0,00	
	GWSS_S_00336	BSP_2	5,42	8,54	0,00	
	GWSS_S_00330	DIS_1	15,06	4,38	52,00	
	GWSS_S_00331	DIS_2	5,42	7,15	22,22	
	GWSS_S_00332	DIS_3	0,60	0,11	0,00	
	GWSS_S_00334	DIS_4	6,02	2,33	60,00	
	GWSS_S_00337	DIS_5	4,22	4,01	28,57	
	GWSS_S_00333	MOD	7,23	1,45	58,33	
	GWSS_S_00327	ZC_1518	30,72	67,34	27,45	
	GWSS_S_00338	nn	24,70	1,85	92,68	
GWSS_E_00163_SE_01
	GWSS_S_00330	DIS_1	19,57	13,32	28,13	
	GWSS_S_00331	DIS_2	3,67	8,14	16,67	
	GWSS_S_00332	DIS_3	0,92	0,28	33,33	
	GWSS_S_00334	DIS_4	0,92	0,70	0,00	
	GWSS_S_00337	DIS_5	9,17	12,66	20,00	
	GWSS_S_00328	MB_1517	57,19	63,93	63,10	
	GWSS_S_00333	MOD	3,06	0,60	50,00	
	GWSS_S_00338	nn	5,50	0,38	94,44	
GWSS_E_00164_SE_01
	GWSS_S_00354	DIS_1	22,79	22,59	36,31	
	GWSS_S_00355	DIS_2	4,21	6,97	20,69	
	GWSS_S_00357	DIS_3	1,60	1,33	54,55	
	GWSS_S_00358	DIS_4	4,35	10,06	13,33	
	GWSS_S_00340	KO_0542	62,70	56,99	21,99	
	GWSS_S_00353	MOD_1	1,31	0,77	44,44	
	GWSS_S_00356	MOD_2	0,44	0,40	33,33	
	GWSS_S_00368	nn	2,61	0,89	61,11	
GWSS_E_00165_SE_01
	GWSS_S_00354	DIS_1	2,90	7,78	27,78	
	GWSS_S_00355	DIS_2	18,36	19,17	28,95	
	GWSS_S_00357	DIS_3	0,32	0,26	50,00	
	GWSS_S_00339	MM_0540	73,91	71,19	34,64	
	GWSS_S_00359	MOD	1,13	0,84	28,57	
	GWSS_S_00368	nn	3,38	0,77	100,00	
GWSS_E_00166_SE_01
	GWSS_S_00354	DIS_1	22,00	29,31	25,77	
	GWSS_S_00341	MK_0550	76,19	69,97	34,23	
	GWSS_S_00359	MOD	0,91	0,51	25,00	
	GWSS_S_00368	nn	0,91	0,21	100,00	
GWSS_E_00167_SE_01
	GWSS_S_00354	DIS_1	9,58	4,55	31,25	
	GWSS_S_00359	MOD	4,19	1,25	28,57	
	GWSS_S_00342	MUE_1512	84,43	93,94	17,02	
	GWSS_S_00368	nn	1,80	0,26	100,00	
GWSS_E_00168_SE_01
	GWSS_S_00354	DIS_1	12,09	7,31	34,62	
	GWSS_S_00343	MN_1513	83,72	91,04	7,78	
	GWSS_S_00359	MOD	3,26	1,48	42,86	
	GWSS_S_00368	nn	0,93	0,17	100,00	
GWSS_E_00169_SE_01
	GWSS_S_00354	DIS_1	7,55	3,03	58,33	
	GWSS_S_00344	JK_1519	85,53	91,40	17,65	
	GWSS_S_00359	MOD	5,66	5,45	33,33	
	GWSS_S_00368	nn	1,26	0,11	100,00	
GWSS_E_00170_SE_01
	GWSS_S_00345	BW_1520	32,69	65,40	11,76	
	GWSS_S_00354	DIS_1	17,31	3,87	33,33	
	GWSS_S_00355	DIS_2	28,85	22,41	13,33	
	GWSS_S_00359	MOD	21,15	8,32	27,27	
	GWSS_S_00368	nn	0,00	0,00	NaN	
GWSS_E_00171_SE_01
	GWSS_S_00354	DIS_1	6,74	3,42	16,67	
	GWSS_S_00346	KF_1521	80,90	94,21	12,50	
	GWSS_S_00359	MOD	11,24	2,34	30,00	
	GWSS_S_00368	nn	1,12	0,03	100,00	
GWSS_E_00172_SE_01
	GWSS_S_00347	AG_1522	76,32	93,52	3,45	
	GWSS_S_00354	DIS_1	2,63	0,29	0,00	
	GWSS_S_00359	MOD	21,05	6,20	12,50	
	GWSS_S_00368	nn	0,00	0,00	NaN	
GWSS_E_00173_SE_01
	GWSS_S_00348	DG_1523	78,67	74,50	22,03	
	GWSS_S_00354	DIS_1	10,67	19,48	0,00	
	GWSS_S_00359	MOD	9,33	5,82	28,57	
	GWSS_S_00368	nn	1,33	0,20	100,00	
GWSS_E_00174_SE_01
	GWSS_S_00349	AW_1524	87,93	91,96	15,69	
	GWSS_S_00359	MOD	10,34	7,90	0,00	
	GWSS_S_00368	nn	1,72	0,14	100,00	
GWSS_E_00175_SE_01
	GWSS_S_00354	DIS_1	0,14	0,02	100,00	
	GWSS_S_00365	DIS_10	1,43	3,23	10,00	
	GWSS_S_00366	DIS_11	3,30	7,55	21,74	
	GWSS_S_00367	DIS_12	2,87	4,63	30,00	
	GWSS_S_00355	DIS_2	0,29	0,09	50,00	
	GWSS_S_00357	DIS_3	0,14	0,22	0,00	
	GWSS_S_00358	DIS_4	5,16	7,48	27,78	
	GWSS_S_00360	DIS_5	0,72	0,24	60,00	
	GWSS_S_00361	DIS_6	0,14	0,04	100,00	
	GWSS_S_00362	DIS_7	1,43	2,33	20,00	
	GWSS_S_00363	DIS_8	0,29	0,22	0,00	
	GWSS_S_00364	DIS_9	0,43	0,09	100,00	
	GWSS_S_00350	MN_1525	69,87	69,81	28,75	
	GWSS_S_00359	MOD	1,15	0,83	50,00	
	GWSS_S_00368	nn	12,63	3,23	88,64	
GWSS_E_00176_SE_01
	GWSS_S_00354	DIS_1	2,62	3,90	33,33	
	GWSS_S_00355	DIS_2	18,37	14,38	28,57	
	GWSS_S_00351	KM_1526	74,64	79,48	33,20	
	GWSS_S_00359	MOD	3,50	2,11	50,00	
	GWSS_S_00368	nn	0,87	0,13	100,00	
GWSS_E_00177_SE_01
	GWSS_S_00352	AM_1527	61,68	55,44	23,48	
	GWSS_S_00354	DIS_1	2,96	6,66	31,58	
	GWSS_S_00355	DIS_2	0,62	0,99	25,00	
	GWSS_S_00357	DIS_3	2,65	3,74	17,65	
	GWSS_S_00358	DIS_4	2,34	2,70	33,33	
	GWSS_S_00360	DIS_5	6,23	9,67	2,50	
	GWSS_S_00361	DIS_6	1,71	3,61	18,18	
	GWSS_S_00362	DIS_7	15,89	14,69	20,59	
	GWSS_S_00359	MOD	2,02	1,44	30,77	
	GWSS_S_00368	nn	3,89	1,06	80,00	
GWSS_E_00178_SE_01
	GWSS_S_00371	AR_0601	45,00	71,64	37,50	
	GWSS_S_00369	HS_0603	20,00	9,67	40,63	
	GWSS_S_00370	SM_0602	33,75	18,61	74,07	
	GWSS_S_00406	nn	1,25	0,08	100,00	
GWSS_E_00179_SE_01
	GWSS_S_00372	AC_0604	67,56	63,33	46,21	
	GWSS_S_00373	KS_0605	16,59	21,36	45,59	
	GWSS_S_00370	SM_0602	15,85	15,30	70,77	
	GWSS_S_00406	nn	0,00	0,00	NaN	
GWSS_E_00180_SE_01
	GWSS_S_00375	AB_0607	28,77	18,16	54,10	
	GWSS_S_00376	KW_0606	34,91	53,27	32,43	
	GWSS_S_00370	SM_0602	36,32	28,57	59,74	
	GWSS_S_00406	nn	0,00	0,00	NaN	
GWSS_E_00181_SE_01
	GWSS_S_00375	AB_0607	23,87	11,62	54,05	
	GWSS_S_00374	KH_0608	30,32	67,18	23,40	
	GWSS_S_00370	SM_0602	43,87	20,97	66,18	
	GWSS_S_00406	nn	1,94	0,23	100,00	
GWSS_E_00182_SE_01
	GWSS_S_00375	AB_0607	29,03	9,37	68,89	
	GWSS_S_00377	NH_0609	29,68	73,98	28,26	
	GWSS_S_00370	SM_0602	37,42	16,38	68,97	
	GWSS_S_00406	nn	3,87	0,27	100,00	
GWSS_E_00183_SE_01
	GWSS_S_00369	HS_0603	21,84	9,16	47,37	
	GWSS_S_00379	PR_0610	45,98	78,07	50,00	
	GWSS_S_00370	SM_0602	31,03	12,67	48,15	
	GWSS_S_00406	nn	1,15	0,10	100,00	
GWSS_E_00184_SE_01
	GWSS_S_00369	HS_0603	23,13	11,71	40,54	
	GWSS_S_00378	PB_0652	40,00	70,29	37,50	
	GWSS_S_00370	SM_0602	36,88	18,01	55,93	
	GWSS_S_00406	nn	0,00	0,00	NaN	
GWSS_E_00185_SE_01
	GWSS_S_00373	KS_0605	30,64	17,92	39,62	
	GWSS_S_00380	SJ_0612	38,15	68,04	40,91	
	GWSS_S_00370	SM_0602	31,21	14,04	68,52	
	GWSS_S_00406	nn	0,00	0,00	NaN	
GWSS_E_00186_SE_01
	GWSS_S_00375	AB_0607	17,07	9,22	57,14	
	GWSS_S_00405	CW_0613	38,21	63,06	31,91	
	GWSS_S_00370	SM_0602	39,02	27,12	64,58	
	GWSS_S_00406	nn	5,69	0,60	100,00	
GWSS_E_00187_SE_01
	GWSS_S_00369	HS_0603	15,19	3,95	58,33	
	GWSS_S_00370	SM_0602	41,77	17,05	60,61	
	GWSS_S_00381	WT_0614	43,04	79,00	50,00	
	GWSS_S_00406	nn	0,00	0,00	NaN	
GWSS_E_00188_SE_01
	GWSS_S_00382	EO_0615	33,72	75,83	26,14	
	GWSS_S_00383	EW_0616	41,38	14,97	75,93	
	GWSS_S_00373	KS_0605	21,07	8,50	52,73	
	GWSS_S_00406	nn	3,83	0,71	80,00	
GWSS_E_00189_SE_01
	GWSS_S_00383	EW_0616	41,90	25,93	68,07	
	GWSS_S_00384	HW_0617	38,03	56,26	47,22	
	GWSS_S_00373	KS_0605	17,96	17,53	43,14	
	GWSS_S_00406	nn	2,11	0,28	100,00	
GWSS_E_00190_SE_01
	GWSS_S_00383	EW_0616	46,31	26,98	71,43	
	GWSS_S_00386	HK_0639	15,78	7,99	66,13	
	GWSS_S_00385	IC_0618	36,13	64,62	34,51	
	GWSS_S_00406	nn	1,78	0,41	85,71	
GWSS_E_00191_SE_01
	GWSS_S_00383	EW_0616	33,33	18,44	68,27	
	GWSS_S_00387	KC_0620	41,67	59,31	51,54	
	GWSS_S_00373	KS_0605	25,00	22,25	43,59	
	GWSS_S_00406	nn	0,00	0,00	NaN	
GWSS_E_00192_SE_01
	GWSS_S_00383	EW_0616	41,91	25,90	78,71	
	GWSS_S_00373	KS_0605	18,05	13,39	52,87	
	GWSS_S_00388	LH_0621	37,97	60,35	44,26	
	GWSS_S_00406	nn	2,07	0,36	100,00	
GWSS_E_00193_SE_01
	GWSS_S_00383	EW_0616	49,44	35,91	65,54	
	GWSS_S_00386	HK_0639	10,34	6,20	56,76	
	GWSS_S_00391	PM_0622	39,66	57,63	47,89	
	GWSS_S_00406	nn	0,56	0,26	50,00	
GWSS_E_00194_SE_01
	GWSS_S_00375	AB_0607	51,56	24,77	73,28	
	GWSS_S_00389	AO_0623	39,56	70,91	16,85	
	GWSS_S_00369	HS_0603	8,89	4,32	40,00	
	GWSS_S_00406	nn	0,00	0,00	NaN	
GWSS_E_00195_SE_01
	GWSS_S_00375	AB_0607	45,88	23,79	60,26	
	GWSS_S_00369	HS_0603	12,35	9,06	33,33	
	GWSS_S_00393	SL_0624	40,59	67,04	36,23	
	GWSS_S_00406	nn	1,18	0,12	100,00	
GWSS_E_00196_SE_01
	GWSS_S_00383	EW_0616	22,73	7,81	80,00	
	GWSS_S_00369	HS_0603	35,23	33,28	50,54	
	GWSS_S_00390	KS_0625	34,85	56,88	38,04	
	GWSS_S_00406	nn	7,20	2,03	84,21	
GWSS_E_00197_SE_01
	GWSS_S_00383	EW_0616	38,05	12,06	82,05	
	GWSS_S_00369	HS_0603	21,46	24,54	40,91	
	GWSS_S_00392	RR_0626	40,24	63,38	29,09	
	GWSS_S_00406	nn	0,24	0,03	100,00	
GWSS_E_00198_SE_01
	GWSS_S_00394	AH_0627	34,85	59,32	42,86	
	GWSS_S_00383	EW_0616	24,07	8,26	67,24	
	GWSS_S_00369	HS_0603	41,08	32,42	51,52	
	GWSS_S_00406	nn	0,00	0,00	NaN	
GWSS_E_00199_SE_01
	GWSS_S_00395	CG_0628	46,31	49,55	53,37	
	GWSS_S_00396	CS_0629	13,92	12,61	59,18	
	GWSS_S_00383	EW_0616	38,35	37,57	48,15	
	GWSS_S_00406	nn	1,42	0,27	100,00	
GWSS_E_00200_SE_01
	GWSS_S_00396	CS_0629	13,55	13,32	54,05	
	GWSS_S_00383	EW_0616	45,79	16,45	75,20	
	GWSS_S_00397	FJ_0630	39,93	70,18	61,47	
	GWSS_S_00406	nn	0,73	0,05	100,00	
GWSS_E_00201_SE_01
	GWSS_S_00383	EW_0616	49,21	31,32	65,38	
	GWSS_S_00399	HM_0631	37,54	59,02	39,50	
	GWSS_S_00369	HS_0603	11,04	9,08	37,14	
	GWSS_S_00406	nn	2,21	0,58	71,43	
GWSS_E_00202_SE_01
	GWSS_S_00383	EW_0616	30,40	17,12	66,67	
	GWSS_S_00369	HS_0603	23,79	19,34	31,48	
	GWSS_S_00400	LW_0632	31,28	61,02	32,39	
	GWSS_S_00406	nn	14,54	2,52	93,94	
GWSS_E_00203_SE_01
	GWSS_S_00383	EW_0616	38,13	6,94	86,79	
	GWSS_S_00369	HS_0603	35,25	20,19	57,14	
	GWSS_S_00401	NF_0633	26,62	72,87	27,03	
	GWSS_S_00406	nn	0,00	0,00	NaN	
GWSS_E_00204_SE_01
	GWSS_S_00375	AB_0607	12,31	5,43	75,00	
	GWSS_S_00369	HS_0603	38,46	28,40	29,33	
	GWSS_S_00403	SO_0634	48,21	66,09	32,98	
	GWSS_S_00406	nn	1,03	0,08	100,00	
GWSS_E_00205_SE_01
	GWSS_S_00375	AB_0607	47,23	19,95	71,88	
	GWSS_S_00398	GS_0635	30,26	67,44	28,05	
	GWSS_S_00373	KS_0605	18,45	12,21	36,00	
	GWSS_S_00406	nn	4,06	0,41	100,00	
GWSS_E_00206_SE_01
	GWSS_S_00375	AB_0607	36,12	14,44	77,89	
	GWSS_S_00373	KS_0605	19,77	11,82	42,31	
	GWSS_S_00402	RH_0636	44,11	73,74	39,66	
	GWSS_S_00406	nn	0,00	0,00	NaN	
GWSS_E_00207_SE_01
	GWSS_S_00375	AB_0607	41,00	17,72	64,63	
	GWSS_S_00373	KS_0605	17,00	11,99	38,24	
	GWSS_S_00404	TL_0637	42,00	70,29	26,19	
	GWSS_S_00406	nn	0,00	0,00	NaN	
GWSS_E_00208_SE_01
	GWSS_S_00408	BR_0650	82,39	77,94	34,19	
	GWSS_S_00407	DH_0651	13,38	20,36	57,89	
	GWSS_S_00445	nn	3,52	1,58	60,00	
GWSS_E_00209_SE_01
	GWSS_S_00407	DH_0651	2,44	0,37	66,67	
	GWSS_S_00409	JT_0652	96,75	99,54	21,85	
	GWSS_S_00445	nn	0,81	0,09	100,00	
GWSS_E_00210_SE_01
	GWSS_S_00410	BC_0653	98,61	99,73	16,90	
	GWSS_S_00407	DH_0651	1,39	0,27	100,00	
	GWSS_S_00445	nn	0,00	0,00	NaN	
GWSS_E_00211_SE_01
	GWSS_S_00407	DH_0651	20,11	24,06	34,29	
	GWSS_S_00433	DIS_1	4,31	2,60	46,67	
	GWSS_S_00434	DIS_2	4,02	5,06	28,57	
	GWSS_S_00411	EU_0654	70,40	68,04	37,96	
	GWSS_S_00445	nn	1,15	0,23	100,00	
GWSS_E_00212_SE_01
	GWSS_S_00412	BT_0655	62,98	64,03	33,96	
	GWSS_S_00407	DH_0651	19,76	23,20	51,49	
	GWSS_S_00433	DIS_1	2,36	2,71	25,00	
	GWSS_S_00434	DIS_2	10,47	8,99	39,44	
	GWSS_S_00445	nn	4,42	1,07	90,00	
GWSS_E_00213_SE_01
	GWSS_S_00407	DH_0651	11,79	14,74	36,00	
	GWSS_S_00433	DIS_1	3,30	1,62	42,86	
	GWSS_S_00434	DIS_2	9,91	7,00	42,86	
	GWSS_S_00435	DIS_3	18,40	10,39	56,41	
	GWSS_S_00413	TT_0656	55,19	65,73	29,06	
	GWSS_S_00445	nn	1,42	0,52	33,33	
GWSS_E_00214_SE_01
	GWSS_S_00415	TK_0658	5,17	4,58	33,33	
	GWSS_S_00414	TT_0657	93,68	95,05	39,88	
	GWSS_S_00445	nn	1,15	0,36	100,00	
GWSS_E_00215_SE_01
	GWSS_S_00416	EA_0659	97,96	99,26	17,36	
	GWSS_S_00415	TK_0658	2,04	0,74	66,67	
	GWSS_S_00445	nn	0,00	0,00	NaN	
GWSS_E_00216_SE_01
	GWSS_S_00417	JL_0660	93,16	92,73	36,73	
	GWSS_S_00415	TK_0658	3,42	4,35	33,33	
	GWSS_S_00445	nn	3,42	2,92	44,44	
GWSS_E_00217_SE_01
	GWSS_S_00418	MT_0661	92,95	96,31	26,21	
	GWSS_S_00415	TK_0658	5,13	3,28	50,00	
	GWSS_S_00445	nn	1,92	0,41	100,00	
GWSS_E_00218_SE_01
	GWSS_S_00419	KI_0662	99,09	99,89	14,68	
	GWSS_S_00415	TK_0658	0,00	0,00	NaN	
	GWSS_S_00445	nn	0,91	0,11	100,00	
GWSS_E_00219_SE_01
	GWSS_S_00420	TB_0663	83,58	90,75	28,57	
	GWSS_S_00415	TK_0658	9,70	6,74	30,77	
	GWSS_S_00445	nn	6,72	2,51	55,56	
GWSS_E_00220_SE_01
	GWSS_S_00421	TC_0664	99,58	99,87	29,29	
	GWSS_S_00415	TK_0658	0,42	0,13	100,00	
	GWSS_S_00445	nn	0,00	0,00	NaN	
GWSS_E_00221_SE_01
	GWSS_S_00415	TK_0658	7,50	5,92	55,56	
	GWSS_S_00422	TQ_0665	91,67	93,91	39,09	
	GWSS_S_00445	nn	0,83	0,16	100,00	
GWSS_E_00222_SE_01
	GWSS_S_00423	NZ_0667	96,46	97,63	24,77	
	GWSS_S_00415	TK_0658	1,77	2,15	0,00	
	GWSS_S_00445	nn	1,77	0,22	100,00	
GWSS_E_00223_SE_01
	GWSS_S_00424	KX_0668	93,80	96,14	34,71	
	GWSS_S_00415	TK_0658	1,55	1,93	0,00	
	GWSS_S_00445	nn	4,65	1,93	66,67	
GWSS_E_00224_SE_01
	GWSS_S_00425	LB_0669	97,87	97,13	55,07	
	GWSS_S_00415	TK_0658	2,13	2,87	33,33	
	GWSS_S_00445	nn	0,00	0,00	NaN	
GWSS_E_00225_SE_01
	GWSS_S_00426	AB_0607	0,00	0,00	NaN	
	GWSS_S_00427	DI_0670	43,75	26,73	29,25	
	GWSS_S_00411	EU_0654	30,06	25,65	25,74	
	GWSS_S_00409	JT_0652	25,60	47,46	13,95	
	GWSS_S_00445	nn	0,60	0,16	50,00	
GWSS_E_00226_SE_01
	GWSS_S_00426	AB_0607	1,88	0,28	75,00	
	GWSS_S_00430	IP_0672	33,80	43,88	9,72	
	GWSS_S_00429	MC_0671	31,46	32,37	14,93	
	GWSS_S_00428	MT_0673	31,46	23,26	17,91	
	GWSS_S_00445	nn	1,41	0,21	66,67	
GWSS_E_00227_SE_01
	GWSS_S_00426	AB_0607	4,26	1,51	65,00	
	GWSS_S_00433	DIS_1	3,20	2,17	33,33	
	GWSS_S_00434	DIS_2	5,33	2,78	56,00	
	GWSS_S_00435	DIS_3	1,07	0,75	60,00	
	GWSS_S_00436	DIS_4	1,07	0,58	20,00	
	GWSS_S_00437	DIS_5	3,41	5,41	18,75	
	GWSS_S_00411	EU_0654	37,95	34,54	34,27	
	GWSS_S_00430	IP_0672	21,32	27,33	19,00	
	GWSS_S_00429	MC_0671	19,83	24,49	36,56	
	GWSS_S_00445	nn	2,56	0,43	91,67	
GWSS_E_00228_SE_01
	GWSS_S_00426	AB_0607	1,61	0,68	57,14	
	GWSS_S_00432	BS_0675	37,10	34,49	25,47	
	GWSS_S_00433	DIS_1	0,23	0,03	100,00	
	GWSS_S_00442	DIS_10	0,23	0,06	100,00	
	GWSS_S_00443	DIS_11	0,46	0,15	50,00	
	GWSS_S_00444	DIS_12	0,46	0,09	100,00	
	GWSS_S_00434	DIS_2	0,23	0,03	100,00	
	GWSS_S_00435	DIS_3	0,23	0,03	100,00	
	GWSS_S_00436	DIS_4	0,46	0,06	100,00	
	GWSS_S_00437	DIS_5	0,23	0,06	100,00	
	GWSS_S_00438	DIS_6	0,23	0,06	100,00	
	GWSS_S_00439	DIS_7	0,23	0,03	100,00	
	GWSS_S_00440	DIS_8	0,23	0,03	100,00	
	GWSS_S_00441	DIS_9	0,23	0,03	100,00	
	GWSS_S_00431	IC_0674	39,86	26,41	26,01	
	GWSS_S_00409	JT_0652	17,51	37,67	11,84	
	GWSS_S_00445	nn	0,46	0,09	100,00	
GWSS_E_00229_SE_01
	GWSS_S_00426	AB_0607	11,55	9,25	49,32	
	GWSS_S_00410	BC_0653	23,10	27,03	29,45	
	GWSS_S_00408	BR_0650	25,47	22,95	26,09	
	GWSS_S_00433	DIS_1	5,22	4,13	36,36	
	GWSS_S_00434	DIS_2	1,11	0,58	57,14	
	GWSS_S_00435	DIS_3	1,27	1,53	12,50	
	GWSS_S_00436	DIS_4	1,11	2,50	14,29	
	GWSS_S_00437	DIS_5	0,47	0,39	33,33	
	GWSS_S_00427	DI_0670	17,88	17,31	38,94	
	GWSS_S_00428	MT_0673	10,76	13,72	30,88	
	GWSS_S_00445	nn	2,06	0,61	76,92	
GWSS_E_00230_SE_01
	GWSS_S_00456	DIS_1	7,92	9,43	21,05	
	GWSS_S_00457	DIS_2	6,25	5,41	6,67	
	GWSS_S_00458	DIS_3	4,58	4,25	9,09	
	GWSS_S_00459	DIS_4	0,00	0,00	NaN	
	GWSS_S_00455	MOD	6,25	2,57	40,00	
	GWSS_S_00446	NE_0640	71,67	78,07	37,21	
	GWSS_S_00466	nn	3,33	0,27	100,00	
GWSS_E_00231_SE_01
	GWSS_S_00456	DIS_1	2,40	0,93	33,33	
	GWSS_S_00457	DIS_2	6,93	9,18	26,92	
	GWSS_S_00458	DIS_3	3,20	1,56	33,33	
	GWSS_S_00459	DIS_4	1,60	1,90	50,00	
	GWSS_S_00460	DIS_5	2,13	0,65	12,50	
	GWSS_S_00461	DIS_6	6,13	2,02	34,78	
	GWSS_S_00455	MOD	9,07	3,85	23,53	
	GWSS_S_00446	NE_0640	15,20	15,50	31,58	
	GWSS_S_00448	SY_0644	51,73	64,15	18,04	
	GWSS_S_00466	nn	1,60	0,25	66,67	
GWSS_E_00232_SE_01
	GWSS_S_00456	DIS_1	8,71	9,42	30,77	
	GWSS_S_00457	DIS_2	9,55	12,29	12,28	
	GWSS_S_00458	DIS_3	3,69	3,58	36,36	
	GWSS_S_00455	MOD	1,84	1,40	36,36	
	GWSS_S_00447	TY_0643	75,71	73,22	23,45	
	GWSS_S_00466	nn	0,50	0,09	100,00	
GWSS_E_00233_SE_01
	GWSS_S_00456	DIS_1	0,00	0,00	NaN	
	GWSS_S_00465	DIS_10	0,00	0,00	NaN	
	GWSS_S_00457	DIS_2	0,00	0,00	NaN	
	GWSS_S_00458	DIS_3	0,00	0,00	NaN	
	GWSS_S_00459	DIS_4	0,00	0,00	NaN	
	GWSS_S_00460	DIS_5	0,00	0,00	NaN	
	GWSS_S_00461	DIS_6	0,00	0,00	NaN	
	GWSS_S_00462	DIS_7	0,00	0,00	NaN	
	GWSS_S_00463	DIS_8	0,00	0,00	NaN	
	GWSS_S_00464	DIS_9	0,00	0,00	NaN	
	GWSS_S_00449	LK_0645	93,98	97,41	13,46	
	GWSS_S_00455	MOD	5,12	2,27	47,06	
	GWSS_S_00466	nn	0,90	0,32	66,67	
GWSS_E_00234_SE_01
	GWSS_S_00455	MOD	3,93	10,86	12,50	
	GWSS_S_00451	NN_0648	96,07	89,14	9,97	
	GWSS_S_00466	nn	0,00	0,00	NaN	
GWSS_E_00235_SE_01
	GWSS_S_00456	DIS_1	7,69	10,25	24,32	
	GWSS_S_00457	DIS_2	9,36	10,98	11,11	
	GWSS_S_00458	DIS_3	3,95	3,35	10,53	
	GWSS_S_00459	DIS_4	11,02	8,44	15,09	
	GWSS_S_00450	KQ_0637	59,04	64,98	36,27	
	GWSS_S_00455	MOD	2,08	0,86	60,00	
	GWSS_S_00466	nn	6,86	1,14	84,85	
GWSS_E_00236_SE_01
	GWSS_S_00452	BW_0638	72,67	78,15	22,63	
	GWSS_S_00456	DIS_1	0,67	0,45	0,00	
	GWSS_S_00457	DIS_2	5,33	4,83	20,83	
	GWSS_S_00458	DIS_3	4,00	6,53	27,78	
	GWSS_S_00459	DIS_4	3,33	3,13	33,33	
	GWSS_S_00460	DIS_5	1,78	1,62	25,00	
	GWSS_S_00455	MOD	7,11	4,57	15,63	
	GWSS_S_00466	nn	5,11	0,71	86,96	
GWSS_E_00237_SE_01
	GWSS_S_00456	DIS_1	7,32	1,48	66,67	
	GWSS_S_00457	DIS_2	6,10	4,15	30,00	
	GWSS_S_00454	KQ_0640	53,66	88,04	21,59	
	GWSS_S_00455	MOD	29,27	6,09	83,33	
	GWSS_S_00466	nn	3,66	0,23	50,00	
GWSS_E_00238_SE_01
	GWSS_S_00453	DC_0639	35,14	73,97	28,21	
	GWSS_S_00456	DIS_1	8,11	12,40	0,00	
	GWSS_S_00457	DIS_2	17,12	9,52	57,89	
	GWSS_S_00458	DIS_3	0,90	0,31	0,00	
	GWSS_S_00459	DIS_4	5,41	2,12	50,00	
	GWSS_S_00455	MOD	8,11	0,77	44,44	
	GWSS_S_00466	nn	25,23	0,92	96,43	
GWSS_E_00239_SE_01
	GWSS_S_00489	DIS_1	1,83	0,74	72,73	
	GWSS_S_00490	DIS_2	1,33	0,28	100,00	
	GWSS_S_00491	DIS_3	0,66	0,25	75,00	
	GWSS_S_00467	DT_0047	42,52	41,80	30,86	
	GWSS_S_00487	IP_0046	4,82	3,91	41,38	
	GWSS_S_00469	LD_0048	40,37	42,94	25,93	
	GWSS_S_00468	VS_0045	7,31	9,76	40,91	
	GWSS_S_00488	nn	1,16	0,34	100,00	
GWSS_E_00240_SE_01
	GWSS_S_00489	DIS_1	1,43	0,17	100,00	
	GWSS_S_00490	DIS_2	2,15	0,31	83,33	
	GWSS_S_00491	DIS_3	6,81	1,96	63,16	
	GWSS_S_00492	DIS_4	6,09	2,51	58,82	
	GWSS_S_00470	DT_0053	14,34	32,89	7,50	
	GWSS_S_00487	IP_0046	4,30	1,34	75,00	
	GWSS_S_00471	SS_0052	32,97	41,48	25,00	
	GWSS_S_00468	VS_0045	27,24	18,25	51,32	
	GWSS_S_00488	nn	4,66	1,10	69,23	
GWSS_E_00241_SE_01
	GWSS_S_00473	IK_0057	16,96	39,68	25,00	
	GWSS_S_00472	NG_0056	74,78	47,29	44,78	
	GWSS_S_00468	VS_0045	6,70	12,66	33,33	
	GWSS_S_00488	nn	1,56	0,37	85,71	
GWSS_E_00242_SE_01
	GWSS_S_00489	DIS_1	2,16	2,23	40,00	
	GWSS_S_00490	DIS_2	2,02	0,61	78,57	
	GWSS_S_00491	DIS_3	1,88	1,94	38,46	
	GWSS_S_00492	DIS_4	0,14	0,08	0,00	
	GWSS_S_00474	II_0055	66,67	57,65	29,87	
	GWSS_S_00475	IT_0054	13,13	17,35	21,98	
	GWSS_S_00468	VS_0045	13,28	19,95	30,43	
	GWSS_S_00488	nn	0,72	0,18	80,00	
GWSS_E_00243_SE_01
	GWSS_S_00476	EK_0049	96,62	98,52	28,86	
	GWSS_S_00468	VS_0045	2,25	1,15	50,00	
	GWSS_S_00488	nn	1,13	0,33	75,00	
GWSS_E_00244_SE_01
	GWSS_S_00477	VD_0060	47,66	34,50	33,74	
	GWSS_S_00478	VD_0061	38,01	52,14	26,15	
	GWSS_S_00468	VS_0045	14,04	13,28	35,42	
	GWSS_S_00488	nn	0,29	0,08	0,00	
GWSS_E_00245_SE_01
	GWSS_S_00479	DG_0058	50,83	45,58	44,16	
	GWSS_S_00489	DIS_1	0,17	0,07	100,00	
	GWSS_S_00487	IP_0046	0,50	0,80	33,33	
	GWSS_S_00480	JK_0059	39,77	45,24	32,78	
	GWSS_S_00468	VS_0045	8,75	8,31	35,85	
	GWSS_S_00488	nn	0,00	0,00	NaN	
GWSS_E_00246_SE_01
	GWSS_S_00489	DIS_1	2,77	1,19	76,47	
	GWSS_S_00490	DIS_2	2,77	0,95	70,59	
	GWSS_S_00491	DIS_3	4,72	4,85	24,14	
	GWSS_S_00484	DP_0067	38,11	36,45	29,91	
	GWSS_S_00487	IP_0046	6,35	4,09	43,59	
	GWSS_S_00482	MV_0066	33,88	39,53	25,96	
	GWSS_S_00468	VS_0045	11,40	12,94	52,86	
	GWSS_S_00488	nn	0,00	0,00	NaN	
GWSS_E_00247_SE_01
	GWSS_S_00489	DIS_1	0,23	0,11	0,00	
	GWSS_S_00490	DIS_2	1,13	0,86	0,00	
	GWSS_S_00491	DIS_3	0,23	0,14	0,00	
	GWSS_S_00492	DIS_4	0,90	0,52	50,00	
	GWSS_S_00493	DIS_5	0,23	0,17	0,00	
	GWSS_S_00485	KH_0051	21,27	25,14	20,21	
	GWSS_S_00486	VM_0050	55,20	54,17	34,43	
	GWSS_S_00468	VS_0045	19,91	18,69	40,91	
	GWSS_S_00488	nn	0,90	0,20	100,00	
GWSS_E_00248_SE_01
	GWSS_S_00489	DIS_1	0,43	0,42	50,00	
	GWSS_S_00490	DIS_2	0,43	0,05	100,00	
	GWSS_S_00487	IP_0046	0,21	0,02	100,00	
	GWSS_S_00483	MD_0065	37,31	43,24	29,14	
	GWSS_S_00481	SS_0064	36,03	29,94	20,12	
	GWSS_S_00468	VS_0045	24,95	26,22	29,06	
	GWSS_S_00488	nn	0,64	0,12	100,00	
GWSS_E_00300_SE_01
	GWSS_S_00500	KM_0816	100,00	100,00	0,00	
GWSS_E_00300_SE_02
	GWSS_S_00506	CN_0838	25,97	26,49	25,00	
	GWSS_S_00504	EV_0819	3,90	6,44	33,33	
	GWSS_S_00502	HH_0817	1,30	3,71	0,00	
	GWSS_S_00500	KM_0816	31,17	4,83	87,50	
	GWSS_S_00501	MS_0818	1,30	8,91	0,00	
	GWSS_S_00516	SP_0826	1,30	5,07	0,00	
	GWSS_S_00503	TH_0822	2,60	7,30	50,00	
	GWSS_S_00505	TM_0839	29,87	36,88	21,74	
GWSS_E_00301_SE_01
	GWSS_S_00502	HH_0817	50,00	99,75	0,00	
	GWSS_S_00505	TM_0839	50,00	0,25	100,00	
GWSS_E_00301_SE_02
	GWSS_S_00506	CN_0838	13,51	12,65	50,00	
	GWSS_S_00504	EV_0819	9,46	11,97	28,57	
	GWSS_S_00502	HH_0817	41,89	21,59	83,87	
	GWSS_S_00500	KM_0816	5,41	7,93	25,00	
	GWSS_S_00501	MS_0818	2,70	8,43	0,00	
	GWSS_S_00516	SP_0826	4,05	7,93	33,33	
	GWSS_S_00503	TH_0822	2,70	8,60	0,00	
	GWSS_S_00505	TM_0839	20,27	20,91	33,33	
GWSS_E_00302_SE_01
	GWSS_S_00506	CN_0838	66,67	0,19	100,00	
	GWSS_S_00501	MS_0818	33,33	99,81	0,00	
GWSS_E_00302_SE_02
	GWSS_S_00506	CN_0838	5,71	3,02	50,00	
	GWSS_S_00504	EV_0819	5,71	9,28	0,00	
	GWSS_S_00500	KM_0816	2,86	2,78	0,00	
	GWSS_S_00515	LH_0823	2,86	4,41	0,00	
	GWSS_S_00520	MK_0824	2,86	4,87	0,00	
	GWSS_S_00501	MS_0818	51,43	33,64	66,67	
	GWSS_S_00514	SL_0825	11,43	13,23	0,00	
	GWSS_S_00516	SP_0826	8,57	2,78	66,67	
	GWSS_S_00503	TH_0822	5,71	25,52	0,00	
	GWSS_S_00505	TM_0839	0,00	0,00	NaN	
GWSS_E_00303_SE_01
	GWSS_S_00506	CN_0838	25,00	0,17	100,00	
	GWSS_S_00504	EV_0819	50,00	99,66	0,00	
	GWSS_S_00505	TM_0839	25,00	0,17	100,00	
GWSS_E_00303_SE_02
	GWSS_S_00504	EV_0819	43,75	29,52	64,29	
	GWSS_S_00500	KM_0816	6,25	10,16	50,00	
	GWSS_S_00515	LH_0823	3,13	3,81	0,00	
	GWSS_S_00520	MK_0824	3,13	5,08	0,00	
	GWSS_S_00501	MS_0818	25,00	20,00	37,50	
	GWSS_S_00514	SL_0825	3,13	7,94	0,00	
	GWSS_S_00516	SP_0826	9,38	8,89	66,67	
	GWSS_S_00503	TH_0822	3,13	13,97	0,00	
	GWSS_S_00505	TM_0839	3,13	0,63	100,00	
GWSS_E_00304_SE_01
	GWSS_S_00507	MO_0820	100,00	100,00	0,00	
GWSS_E_00304_SE_02
	GWSS_S_00511	AK_0831	9,93	9,25	21,43	
	GWSS_S_00506	CN_0838	41,13	31,26	48,28	
	GWSS_S_00519	JM_0828	4,26	4,60	0,00	
	GWSS_S_00512	MJ_0832	5,67	6,92	37,50	
	GWSS_S_00507	MO_0820	2,84	0,89	50,00	
	GWSS_S_00505	TM_0839	35,46	47,03	50,00	
GWSS_E_00305_SE_01
	GWSS_S_00508	AM_0821	38,46	93,03	0,00	
	GWSS_S_00506	CN_0838	30,77	4,85	0,00	
	GWSS_S_00505	TM_0839	30,77	2,12	50,00	
GWSS_E_00305_SE_02
	GWSS_S_00508	AM_0821	8,70	6,32	50,00	
	GWSS_S_00506	CN_0838	30,43	24,14	14,29	
	GWSS_S_00517	FK_0837	8,70	31,61	0,00	
	GWSS_S_00521	HK_0834	47,83	36,21	18,18	
	GWSS_S_00505	TM_0839	4,35	1,72	0,00	
GWSS_E_00306_SE_01
	GWSS_S_00509	OU_0830	100,00	100,00	0,00	
GWSS_E_00306_SE_02
	GWSS_S_00511	AK_0831	3,17	6,22	50,00	
	GWSS_S_00506	CN_0838	36,51	28,87	39,13	
	GWSS_S_00519	JM_0828	1,59	2,44	0,00	
	GWSS_S_00512	MJ_0832	1,59	3,93	0,00	
	GWSS_S_00507	MO_0820	6,35	7,16	0,00	
	GWSS_S_00518	NP_0829	1,59	2,60	0,00	
	GWSS_S_00509	OU_0830	14,29	1,73	55,56	
	GWSS_S_00510	RN_0827	3,17	5,27	0,00	
	GWSS_S_00505	TM_0839	31,75	41,78	60,00	
GWSS_E_00307_SE_01
	GWSS_S_00506	CN_0838	42,86	1,24	66,67	
	GWSS_S_00510	RN_0827	57,14	98,76	50,00	
GWSS_E_00307_SE_02
	GWSS_S_00511	AK_0831	14,29	6,48	66,67	
	GWSS_S_00506	CN_0838	38,10	76,88	0,00	
	GWSS_S_00512	MJ_0832	4,76	8,39	0,00	
	GWSS_S_00509	OU_0830	4,76	5,74	0,00	
	GWSS_S_00510	RN_0827	14,29	1,62	66,67	
GWSS_E_00308_SE_01
	GWSS_S_00511	AK_0831	100,00	100,00	0,00	
GWSS_E_00308_SE_02
	GWSS_S_00511	AK_0831	23,81	9,64	51,43	
	GWSS_S_00506	CN_0838	31,29	36,55	28,26	
	GWSS_S_00519	JM_0828	0,68	2,69	0,00	
	GWSS_S_00512	MJ_0832	4,76	6,38	28,57	
	GWSS_S_00507	MO_0820	4,08	7,76	83,33	
	GWSS_S_00510	RN_0827	3,40	4,01	40,00	
	GWSS_S_00505	TM_0839	28,57	32,35	54,76	
GWSS_E_00309_SE_01
	GWSS_S_00512	MJ_0832	100,00	100,00	0,00	
GWSS_E_00309_SE_02
	GWSS_S_00511	AK_0831	3,08	3,50	0,00	
	GWSS_S_00506	CN_0838	44,62	33,22	43,10	
	GWSS_S_00519	JM_0828	3,85	3,96	40,00	
	GWSS_S_00512	MJ_0832	14,62	6,08	63,16	
	GWSS_S_00507	MO_0820	0,77	4,29	0,00	
	GWSS_S_00510	RN_0827	2,31	3,43	66,67	
	GWSS_S_00505	TM_0839	30,00	45,44	41,03	
GWSS_E_00310_SE_01
	GWSS_S_00506	CN_0838	20,00	0,25	100,00	
	GWSS_S_00513	MK_0836	60,00	99,38	0,00	
	GWSS_S_00505	TM_0839	20,00	0,37	0,00	
GWSS_E_00310_SE_02
	GWSS_S_00508	AM_0821	3,57	17,37	0,00	
	GWSS_S_00506	CN_0838	25,00	33,29	14,29	
	GWSS_S_00517	FK_0837	3,57	5,07	0,00	
	GWSS_S_00513	MK_0836	21,43	1,88	66,67	
	GWSS_S_00505	TM_0839	42,86	42,26	58,33	
GWSS_E_00311_SE_01
	GWSS_S_00514	SL_0825	62,50	30,26	20,00	
	GWSS_S_00503	TH_0822	37,50	69,74	33,33	
GWSS_E_00311_SE_02
	GWSS_S_00506	CN_0838	10,53	0,78	100,00	
	GWSS_S_00504	EV_0819	5,26	6,61	0,00	
	GWSS_S_00502	HH_0817	5,26	8,95	0,00	
	GWSS_S_00515	LH_0823	5,26	10,51	0,00	
	GWSS_S_00520	MK_0824	5,26	7,00	0,00	
	GWSS_S_00501	MS_0818	26,32	29,57	0,00	
	GWSS_S_00514	SL_0825	15,79	3,11	66,67	
	GWSS_S_00503	TH_0822	21,05	32,30	50,00	
	GWSS_S_00505	TM_0839	5,26	1,17	0,00	
GWSS_E_00312_SE_01
	GWSS_S_00506	CN_0838	42,86	0,65	100,00	
	GWSS_S_00515	LH_0823	57,14	99,35	50,00	
GWSS_E_00312_SE_02
	GWSS_S_00506	CN_0838	17,39	8,87	41,67	
	GWSS_S_00504	EV_0819	5,80	6,80	0,00	
	GWSS_S_00502	HH_0817	1,45	3,89	0,00	
	GWSS_S_00500	KM_0816	2,90	3,52	0,00	
	GWSS_S_00515	LH_0823	42,03	14,82	58,62	
	GWSS_S_00501	MS_0818	7,25	6,68	60,00	
	GWSS_S_00514	SL_0825	2,90	6,56	0,00	
	GWSS_S_00503	TH_0822	2,90	5,10	0,00	
	GWSS_S_00505	TM_0839	15,94	43,26	45,45	
GWSS_E_00313_SE_01
	GWSS_S_00516	SP_0826	100,00	100,00	50,00	
GWSS_E_00313_SE_02
	GWSS_S_00506	CN_0838	20,48	14,90	35,29	
	GWSS_S_00504	EV_0819	2,41	3,97	0,00	
	GWSS_S_00502	HH_0817	2,41	2,88	0,00	
	GWSS_S_00500	KM_0816	1,20	3,97	0,00	
	GWSS_S_00516	SP_0826	40,96	8,89	82,35	
	GWSS_S_00503	TH_0822	4,82	4,93	50,00	
	GWSS_S_00505	TM_0839	27,71	60,46	34,78	
GWSS_E_00314_SE_01
	GWSS_S_00506	CN_0838	25,00	0,18	100,00	
	GWSS_S_00517	FK_0837	50,00	99,63	0,00	
	GWSS_S_00505	TM_0839	25,00	0,18	100,00	
GWSS_E_00314_SE_02
	GWSS_S_00508	AM_0821	2,94	5,88	0,00	
	GWSS_S_00506	CN_0838	35,29	32,01	16,67	
	GWSS_S_00517	FK_0837	14,71	2,08	80,00	
	GWSS_S_00513	MK_0836	2,94	4,15	0,00	
	GWSS_S_00505	TM_0839	44,12	55,88	26,67	
GWSS_E_00315_SE_01
	GWSS_S_00518	NP_0829	100,00	100,00	0,00	
GWSS_E_00315_SE_02
	GWSS_S_00511	AK_0831	11,76	4,01	0,00	
	GWSS_S_00506	CN_0838	11,76	0,59	50,00	
	GWSS_S_00519	JM_0828	5,88	5,08	0,00	
	GWSS_S_00512	MJ_0832	17,65	8,41	0,00	
	GWSS_S_00507	MO_0820	5,88	7,53	0,00	
	GWSS_S_00518	NP_0829	5,88	0,10	100,00	
	GWSS_S_00509	OU_0830	11,76	1,56	0,00	
	GWSS_S_00510	RN_0827	11,76	6,45	50,00	
	GWSS_S_00505	TM_0839	17,65	66,28	0,00	
GWSS_E_00316_SE_01
	GWSS_S_00519	JM_0828	80,00	99,70	0,00	
	GWSS_S_00505	TM_0839	20,00	0,30	100,00	
GWSS_E_00316_SE_02
	GWSS_S_00511	AK_0831	9,20	6,67	37,50	
	GWSS_S_00506	CN_0838	31,03	52,59	44,44	
	GWSS_S_00519	JM_0828	32,18	12,78	82,14	
	GWSS_S_00505	TM_0839	24,14	26,85	28,57	
GWSS_E_00317_SE_01
	GWSS_S_00520	MK_0824	50,00	99,86	0,00	
GWSS_E_00317_SE_02
	GWSS_S_00506	CN_0838	7,50	3,22	0,00	
	GWSS_S_00504	EV_0819	7,50	14,36	0,00	
	GWSS_S_00500	KM_0816	7,50	12,38	66,67	
	GWSS_S_00515	LH_0823	2,50	6,44	0,00	
	GWSS_S_00520	MK_0824	35,00	11,63	71,43	
	GWSS_S_00501	MS_0818	20,00	15,35	50,00	
	GWSS_S_00514	SL_0825	5,00	4,70	50,00	
	GWSS_S_00516	SP_0826	2,50	6,68	0,00	
	GWSS_S_00503	TH_0822	5,00	23,76	0,00	
	GWSS_S_00505	TM_0839	5,00	1,24	50,00	
GWSS_E_00318_SE_01
	GWSS_S_00521	HK_0834	100,00	100,00	0,00	
GWSS_E_00318_SE_02
	GWSS_S_00508	AM_0821	0,93	4,83	0,00	
	GWSS_S_00506	CN_0838	31,78	46,45	35,29	
	GWSS_S_00517	FK_0837	0,93	4,19	0,00	
	GWSS_S_00521	HK_0834	35,51	11,72	60,53	
	GWSS_S_00513	MK_0836	1,87	2,41	50,00	
	GWSS_S_00505	TM_0839	28,04	30,33	56,67	
