Speech Event	speaker	who	% contributions pro total contributions	% spoken words pro total words	% contributions of 1-2 words pro contribution size of speaker
FOLK_E_00001_SE_01
	FOLK_S_00014	AB	1,51	1,58	21,05	
	FOLK_S_00004	AK	0,96	0,69	41,67	
	FOLK_S_00021	FG	0,56	0,23	71,43	
	FOLK_S_00009	GF	1,19	0,70	46,67	
	FOLK_S_00005	HM	0,72	0,44	44,44	
	FOLK_S_00018	JK	0,56	0,37	71,43	
	FOLK_S_00020	JM	3,58	2,78	55,56	
	FOLK_S_00011	KB	0,96	1,05	33,33	
	FOLK_S_00026	LB	73,81	79,61	26,75	
	FOLK_S_00012	MB	0,08	0,01	100,00	
	FOLK_S_00023	MK	0,40	0,49	20,00	
	FOLK_S_00001	ML	1,75	2,12	36,36	
	FOLK_S_00008	MS	2,39	1,41	50,00	
	FOLK_S_00013	PC	1,04	0,89	38,46	
	FOLK_S_00015	PL	1,43	0,85	55,56	
	FOLK_S_00022	RG	0,96	1,18	25,00	
	FOLK_S_00010	RZ	0,32	0,16	50,00	
	FOLK_S_00024	SK	1,11	0,83	28,57	
	FOLK_S_00016	TF	2,95	2,50	35,14	
	FOLK_S_00017	TH	0,48	0,16	83,33	
	FOLK_S_00006	US	1,04	1,11	30,77	
FOLK_E_00002_SE_01
	FOLK_S_00030	CJ	83,36	92,82	23,09	
	FOLK_S_00031	TJ	16,64	7,18	71,57	
FOLK_E_00003_SE_01
	FOLK_S_00057	DM	45,31	60,14	25,76	
	FOLK_S_00060	JS	53,78	39,43	62,13	
	FOLK_S_00074	XA	0,92	0,42	50,00	
FOLK_E_00004_SE_01
	FOLK_S_00014	AB	1,17	0,37	80,00	
	FOLK_S_00003	AZ	0,18	0,15	33,33	
	FOLK_S_00021	FG	0,06	0,06	0,00	
	FOLK_S_00009	GF	0,00	0,00	NaN	
	FOLK_S_00025	GS	72,31	67,61	44,13	
	FOLK_S_00005	HM	0,00	0,00	NaN	
	FOLK_S_00018	JK	1,35	1,54	21,74	
	FOLK_S_00019	JL	0,53	0,57	44,44	
	FOLK_S_00020	JM	0,94	1,44	37,50	
	FOLK_S_00011	KB	0,12	0,05	50,00	
	FOLK_S_00012	MB	2,05	1,99	25,71	
	FOLK_S_00001	ML	1,64	2,10	21,43	
	FOLK_S_00008	MS	4,16	5,64	21,13	
	FOLK_S_00013	PC	0,53	0,84	11,11	
	FOLK_S_00015	PL	0,23	0,04	100,00	
	FOLK_S_00022	RG	2,46	2,87	38,10	
	FOLK_S_00010	RZ	0,88	1,47	46,67	
	FOLK_S_00024	SK	1,29	2,15	36,36	
	FOLK_S_00016	TF	4,16	5,94	15,49	
	FOLK_S_00017	TH	1,99	2,26	26,47	
	FOLK_S_00002	TS	0,88	0,76	40,00	
	FOLK_S_00006	US	1,00	1,45	35,29	
FOLK_E_00005_SE_01
	FOLK_S_00014	AB	1,19	0,84	68,75	
	FOLK_S_00004	AK	0,45	0,28	50,00	
	FOLK_S_00003	AZ	0,15	0,09	0,00	
	FOLK_S_00007	EF	0,97	0,61	61,54	
	FOLK_S_00021	FG	1,19	1,11	43,75	
	FOLK_S_00005	HM	1,04	0,74	42,86	
	FOLK_S_00018	JK	0,00	0,00	NaN	
	FOLK_S_00019	JL	0,30	0,43	25,00	
	FOLK_S_00020	JM	1,71	2,36	26,09	
	FOLK_S_00011	KB	1,11	1,05	40,00	
	FOLK_S_00026	LB	67,38	72,10	36,82	
	FOLK_S_00012	MB	0,30	0,25	50,00	
	FOLK_S_00023	MK	1,26	1,34	23,53	
	FOLK_S_00001	ML	2,53	3,97	26,47	
	FOLK_S_00008	MS	2,01	1,77	37,04	
	FOLK_S_00013	PC	0,59	0,53	12,50	
	FOLK_S_00015	PL	0,07	0,03	100,00	
	FOLK_S_00022	RG	0,74	1,11	30,00	
	FOLK_S_00010	RZ	1,04	1,70	21,43	
	FOLK_S_00024	SK	0,59	0,38	75,00	
	FOLK_S_00016	TF	2,08	2,58	25,00	
	FOLK_S_00006	US	1,04	0,86	42,86	
FOLK_E_00006_SE_01
	FOLK_S_00014	AB	0,11	0,31	0,00	
	FOLK_S_00004	AK	2,16	1,72	36,84	
	FOLK_S_00007	EF	0,23	0,04	100,00	
	FOLK_S_00021	FG	1,02	0,57	11,11	
	FOLK_S_00009	GF	0,91	0,73	12,50	
	FOLK_S_00005	HM	0,11	0,07	0,00	
	FOLK_S_00018	JK	0,45	0,17	75,00	
	FOLK_S_00020	JM	1,59	1,78	28,57	
	FOLK_S_00011	KB	0,23	0,22	0,00	
	FOLK_S_00026	LB	77,39	81,15	26,43	
	FOLK_S_00012	MB	0,34	0,15	66,67	
	FOLK_S_00001	ML	1,14	1,30	60,00	
	FOLK_S_00008	MS	0,68	0,48	66,67	
	FOLK_S_00022	RG	1,82	2,29	31,25	
	FOLK_S_00010	RZ	0,91	0,64	50,00	
	FOLK_S_00024	SK	1,36	0,64	58,33	
	FOLK_S_00016	TF	2,27	2,86	15,00	
	FOLK_S_00017	TH	0,80	1,01	14,29	
	FOLK_S_00002	TS	0,57	0,35	60,00	
	FOLK_S_00006	US	2,16	2,00	26,32	
FOLK_E_00007_SE_01
	FOLK_S_00014	AB	0,77	0,80	25,00	
	FOLK_S_00004	AK	0,06	0,07	0,00	
	FOLK_S_00003	AZ	0,06	0,02	100,00	
	FOLK_S_00021	FG	0,45	0,74	0,00	
	FOLK_S_00009	GF	0,13	0,05	50,00	
	FOLK_S_00025	GS	69,59	63,19	44,89	
	FOLK_S_00005	HM	6,02	6,30	27,66	
	FOLK_S_00018	JK	7,43	8,41	32,76	
	FOLK_S_00019	JL	0,26	0,40	25,00	
	FOLK_S_00011	KB	0,45	0,44	42,86	
	FOLK_S_00012	MB	3,20	4,24	20,00	
	FOLK_S_00001	ML	1,73	2,67	25,93	
	FOLK_S_00008	MS	1,54	2,01	20,83	
	FOLK_S_00013	PC	0,19	0,20	33,33	
	FOLK_S_00015	PL	0,06	0,02	100,00	
	FOLK_S_00022	RG	1,60	2,73	28,00	
	FOLK_S_00010	RZ	0,77	0,92	16,67	
	FOLK_S_00024	SK	0,26	0,24	25,00	
	FOLK_S_00016	TF	3,14	5,03	16,33	
	FOLK_S_00017	TH	0,90	0,58	42,86	
	FOLK_S_00006	US	0,26	0,61	0,00	
FOLK_E_00008_SE_01
	FOLK_S_00014	AB	0,35	0,17	75,00	
	FOLK_S_00004	AK	2,19	1,21	56,00	
	FOLK_S_00003	AZ	0,18	0,09	50,00	
	FOLK_S_00007	EF	0,00	0,00	NaN	
	FOLK_S_00021	FG	0,18	0,14	50,00	
	FOLK_S_00009	GF	0,00	0,00	NaN	
	FOLK_S_00005	HM	0,70	0,46	37,50	
	FOLK_S_00018	JK	0,61	0,30	57,14	
	FOLK_S_00019	JL	0,00	0,00	NaN	
	FOLK_S_00020	JM	1,31	1,64	40,00	
	FOLK_S_00011	KB	0,00	0,00	NaN	
	FOLK_S_00026	LB	76,36	81,51	31,42	
	FOLK_S_00012	MB	0,96	0,52	36,36	
	FOLK_S_00023	MK	0,00	0,00	NaN	
	FOLK_S_00001	ML	3,68	4,19	35,71	
	FOLK_S_00008	MS	0,70	0,35	75,00	
	FOLK_S_00013	PC	0,44	0,33	40,00	
	FOLK_S_00015	PL	0,09	0,02	100,00	
	FOLK_S_00022	RG	0,70	0,46	62,50	
	FOLK_S_00010	RZ	0,79	0,90	33,33	
	FOLK_S_00024	SK	4,03	3,18	52,17	
	FOLK_S_00016	TF	1,93	1,95	27,27	
	FOLK_S_00017	TH	0,88	0,49	50,00	
	FOLK_S_00006	US	0,88	1,02	40,00	
FOLK_E_00009_SE_01
	FOLK_S_00014	AB	0,21	0,14	50,00	
	FOLK_S_00004	AK	0,10	0,14	0,00	
	FOLK_S_00003	AZ	0,63	0,32	50,00	
	FOLK_S_00021	FG	0,42	0,45	50,00	
	FOLK_S_00009	GF	0,21	0,10	50,00	
	FOLK_S_00005	HM	0,00	0,00	NaN	
	FOLK_S_00018	JK	0,31	0,45	0,00	
	FOLK_S_00019	JL	0,21	0,06	100,00	
	FOLK_S_00020	JM	3,44	3,32	42,42	
	FOLK_S_00011	KB	0,52	0,51	20,00	
	FOLK_S_00026	LB	79,04	80,48	36,28	
	FOLK_S_00023	MK	0,31	0,71	0,00	
	FOLK_S_00001	ML	1,36	1,46	53,85	
	FOLK_S_00008	MS	0,73	0,59	42,86	
	FOLK_S_00013	PC	0,10	0,04	100,00	
	FOLK_S_00015	PL	0,00	0,00	NaN	
	FOLK_S_00022	RG	0,63	0,47	33,33	
	FOLK_S_00010	RZ	1,98	1,78	47,37	
	FOLK_S_00024	SK	1,56	1,80	20,00	
	FOLK_S_00016	TF	3,65	4,44	28,57	
	FOLK_S_00017	TH	0,10	0,14	0,00	
	FOLK_S_00006	US	1,77	1,40	29,41	
FOLK_E_00010_SE_01
	FOLK_S_00029	NK	27,37	22,59	45,20	
	FOLK_S_00028	SK	26,61	24,48	40,13	
	FOLK_S_00027	VK	45,59	52,75	37,73	
FOLK_E_00011_SE_01
	FOLK_S_00029	NK	23,66	18,47	50,27	
	FOLK_S_00028	SK	31,36	29,66	47,44	
	FOLK_S_00027	VK	44,83	51,78	37,78	
FOLK_E_00012_SE_01
	FOLK_S_00029	NK	24,58	21,18	40,60	
	FOLK_S_00028	SK	28,65	23,18	46,45	
	FOLK_S_00027	VK	46,77	55,64	32,02	
FOLK_E_00013_SE_01
	FOLK_S_00030	CJ	73,89	84,49	32,41	
	FOLK_S_00032	DJ	0,46	0,46	25,00	
	FOLK_S_00031	TJ	25,66	15,04	56,00	
FOLK_E_00014_SE_01
	FOLK_S_00030	CJ	64,02	72,33	33,85	
	FOLK_S_00032	DJ	0,57	0,25	75,00	
	FOLK_S_00031	TJ	35,13	27,30	44,76	
FOLK_E_00015_SE_01
	FOLK_S_00334	CH	54,86	47,99	27,74	
	FOLK_S_00335	FR	44,88	51,86	45,87	
FOLK_E_00016_SE_01
	FOLK_S_00030	CJ	88,24	93,74	23,48	
	FOLK_S_00032	DJ	2,14	2,42	12,50	
	FOLK_S_00031	TJ	9,63	3,85	68,06	
FOLK_E_00017_SE_01
	FOLK_S_00030	CJ	74,20	87,52	33,33	
	FOLK_S_00032	DJ	1,06	0,80	66,67	
	FOLK_S_00031	TJ	24,73	11,68	58,57	
FOLK_E_00018_SE_01
	FOLK_S_00034	EM	55,05	56,45	30,32	
	FOLK_S_00033	HM	44,66	43,41	37,05	
FOLK_E_00020_SE_01
	FOLK_S_00036	CM	34,32	37,90	36,21	
	FOLK_S_00034	EM	17,33	14,69	43,42	
	FOLK_S_00033	HM	16,31	15,90	39,86	
	FOLK_S_00035	SM	23,15	27,15	39,90	
FOLK_E_00021_SE_01
	FOLK_S_00040	CH	13,53	13,13	45,56	
	FOLK_S_00041	DK	9,30	10,24	40,40	
	FOLK_S_00039	JZ	8,52	9,18	41,02	
	FOLK_S_00045	MT	9,60	9,43	46,89	
	FOLK_S_00042	NI	13,08	17,14	38,43	
	FOLK_S_00043	PL	15,12	14,63	45,79	
	FOLK_S_00044	SK	19,46	19,98	42,88	
FOLK_E_00022_SE_01
	FOLK_S_00046	AW	23,30	23,10	31,04	
	FOLK_S_00051	BS	6,00	4,63	42,47	
	FOLK_S_00047	HM	36,17	35,03	43,98	
	FOLK_S_00050	NG	3,53	2,42	47,67	
	FOLK_S_00048	SZ	30,95	34,80	35,06	
FOLK_E_00024_SE_01
	FOLK_S_00046	AW	23,75	23,00	31,70	
	FOLK_S_00047	HM	20,03	23,15	39,93	
	FOLK_S_00049	MS	23,11	21,01	34,94	
	FOLK_S_00050	NG	7,63	4,20	52,92	
	FOLK_S_00048	SZ	25,36	28,60	35,84	
FOLK_E_00026_SE_01
	FOLK_S_00046	AW	30,08	28,11	33,24	
	FOLK_S_00051	BS	2,21	2,03	35,44	
	FOLK_S_00047	HM	21,93	23,85	41,53	
	FOLK_S_00049	MS	16,65	13,49	35,57	
	FOLK_S_00050	NG	3,58	3,00	40,63	
	FOLK_S_00048	SZ	25,34	29,48	36,60	
FOLK_E_00027_SE_01
	FOLK_S_00182	AM	53,99	67,29	28,09	
	FOLK_S_00186	PB	46,01	32,71	46,02	
FOLK_E_00028_SE_01
	FOLK_S_00064	BR	46,80	37,94	60,16	
	FOLK_S_00058	FF	53,02	62,03	44,83	
	FOLK_S_00075	XB	0,18	0,02	100,00	
FOLK_E_00029_SE_01
	FOLK_S_00061	CA	54,97	47,77	41,57	
	FOLK_S_00063	LU	0,33	0,15	0,00	
	FOLK_S_00059	SA	44,70	52,08	45,93	
FOLK_E_00030_SE_01
	FOLK_S_00182	AM	41,91	50,78	33,21	
	FOLK_S_00186	PB	58,09	49,22	49,16	
FOLK_E_00031_SE_01
	FOLK_S_00062	CR	45,39	30,69	50,72	
	FOLK_S_00065	EC	13,60	11,16	50,00	
	FOLK_S_00059	SA	41,01	58,15	36,36	
FOLK_E_00032_SE_01
	FOLK_S_00066	AK	63,25	57,87	39,79	
	FOLK_S_00068	BÄ	35,86	40,94	24,84	
	FOLK_S_00076	XC	0,89	1,18	25,00	
FOLK_E_00033_SE_01
	FOLK_S_00068	BÄ	43,76	36,25	36,50	
	FOLK_S_00072	ST	54,27	62,34	42,74	
FOLK_E_00034_SE_01
	FOLK_S_00068	BÄ	41,70	41,11	27,86	
	FOLK_S_00073	KS	56,85	58,27	32,48	
	FOLK_S_00078	XE	1,45	0,62	57,14	
FOLK_E_00035_SE_01
	FOLK_S_00068	BÄ	42,60	34,89	54,63	
	FOLK_S_00071	JH	53,45	63,81	35,06	
	FOLK_S_00079	XF	3,94	1,30	65,00	
FOLK_E_00036_SE_01
	FOLK_S_00068	BÄ	42,27	40,22	37,11	
	FOLK_S_00067	KD	56,64	59,03	33,85	
	FOLK_S_00080	XG	1,09	0,75	20,00	
FOLK_E_00037_SE_01
	FOLK_S_00068	BÄ	40,00	40,74	40,80	
	FOLK_S_00069	MO	58,85	58,16	34,77	
	FOLK_S_00081	XH	1,15	1,10	20,00	
FOLK_E_00038_SE_01
	FOLK_S_00068	BÄ	32,41	42,29	31,55	
	FOLK_S_00070	LM	66,55	55,04	56,77	
	FOLK_S_00082	XI	1,04	2,68	0,00	
FOLK_E_00039_SE_01
	FOLK_S_00053	EL	54,26	44,42	57,69	
	FOLK_S_00052	NO	44,46	54,09	36,27	
FOLK_E_00040_SE_01
	FOLK_S_00054	BS	28,47	32,31	37,73	
	FOLK_S_00055	EP	35,51	36,69	46,74	
	FOLK_S_00056	JM	35,66	30,86	47,98	
FOLK_E_00042_SE_01
	FOLK_S_00182	AM	21,54	23,42	24,11	
	FOLK_S_00193	LK	38,59	43,93	26,39	
	FOLK_S_00184	LP	28,72	25,33	34,93	
	FOLK_S_00183	LS	10,64	7,15	58,85	
FOLK_E_00043_SE_01
	FOLK_S_00182	AM	46,69	52,04	22,49	
	FOLK_S_00186	PB	47,51	38,34	36,63	
FOLK_E_00044_SE_01
	FOLK_S_00304	AH	28,13	27,59	40,21	
	FOLK_S_00305	CT	33,04	36,54	31,08	
	FOLK_S_00289	GB	33,48	34,40	29,33	
	FOLK_S_00354	KK	4,61	1,39	70,97	
FOLK_E_00045_SE_01
	FOLK_S_00366	KL	29,33	29,36	38,84	
	FOLK_S_00356	OM	41,45	41,05	34,80	
	FOLK_S_00355	TV	28,85	29,52	25,63	
FOLK_E_00046_SE_01
	FOLK_S_00182	AM	36,42	34,37	28,42	
	FOLK_S_00193	LK	19,10	15,53	31,25	
	FOLK_S_00184	LP	23,68	24,72	23,11	
	FOLK_S_00194	VW	20,60	25,35	19,81	
FOLK_E_00047_SE_01
	FOLK_S_00182	AM	50,04	60,93	28,55	
	FOLK_S_00186	PB	48,06	38,42	39,97	
FOLK_E_00048_SE_01
	FOLK_S_00182	AM	37,41	42,19	32,53	
	FOLK_S_00184	LP	37,92	38,22	35,82	
	FOLK_S_00183	LS	24,67	19,59	55,96	
FOLK_E_00049_SE_01
	FOLK_S_00182	AM	45,85	47,82	27,64	
	FOLK_S_00192	PH	54,15	52,18	25,96	
FOLK_E_00050_SE_01
	FOLK_S_00182	AM	27,82	27,25	28,38	
	FOLK_S_00184	LP	42,86	49,84	33,33	
	FOLK_S_00183	LS	21,43	16,42	68,42	
	FOLK_S_00185	SK	7,52	6,40	30,00	
FOLK_E_00052_SE_01
	FOLK_S_00182	AM	31,82	33,84	39,39	
	FOLK_S_00184	LP	17,77	18,96	41,86	
	FOLK_S_00183	LS	27,41	27,78	42,71	
	FOLK_S_00185	SK	17,49	17,11	27,56	
FOLK_E_00053_SE_01
	FOLK_S_00182	AM	36,32	33,68	38,16	
	FOLK_S_00184	LP	24,74	29,52	30,50	
	FOLK_S_00183	LS	25,26	24,33	46,53	
	FOLK_S_00185	SK	12,46	11,24	39,44	
FOLK_E_00055_SE_01
	FOLK_S_00182	AM	25,06	24,80	36,41	
	FOLK_S_00196	LM	13,83	6,78	54,82	
	FOLK_S_00195	NH	35,41	33,96	41,04	
	FOLK_S_00197	US	25,60	34,44	43,42	
FOLK_E_00056_SE_01
	FOLK_S_00333	AP	45,60	55,49	38,57	
	FOLK_S_00332	JG	44,22	37,65	67,33	
	FOLK_S_00059	SA	10,18	6,86	54,32	
FOLK_E_00057_SE_01
	FOLK_S_00334	CH	42,52	44,52	21,18	
	FOLK_S_00336	ME	57,48	55,48	60,14	
	FOLK_S_00349	XK	0,00	0,00	NaN	
FOLK_E_00058_SE_01
	FOLK_S_00337	HN	38,08	40,92	31,43	
	FOLK_S_00338	LG	58,95	58,50	40,44	
	FOLK_S_00350	XL	2,97	0,58	83,33	
FOLK_E_00059_SE_01
	FOLK_S_00337	HN	27,13	28,71	34,27	
	FOLK_S_00339	HS	17,68	15,59	43,10	
	FOLK_S_00340	MF	53,20	54,90	50,43	
	FOLK_S_00059	SA	0,76	0,24	40,00	
	FOLK_S_00351	XM	1,07	0,56	28,57	
FOLK_E_00060_SE_01
	FOLK_S_00341	GK	1,01	0,59	37,50	
	FOLK_S_00342	KR	54,10	51,58	47,09	
	FOLK_S_00343	SB	44,14	46,75	54,86	
	FOLK_S_00082	XI	0,63	1,04	20,00	
FOLK_E_00061_SE_01
	FOLK_S_00334	CH	1,10	0,39	40,00	
	FOLK_S_00345	FP	0,00	0,00	NaN	
	FOLK_S_00344	GC	18,02	11,46	41,46	
	FOLK_S_00337	HN	19,78	19,03	45,56	
	FOLK_S_00346	KW	59,12	68,55	36,06	
	FOLK_S_00078	XE	1,54	0,53	42,86	
FOLK_E_00062_SE_01
	FOLK_S_00347	AT	64,12	62,70	36,01	
	FOLK_S_00334	CH	2,10	1,12	36,36	
	FOLK_S_00345	FP	0,57	0,38	0,00	
	FOLK_S_00344	GC	16,60	12,34	49,43	
	FOLK_S_00337	HN	12,60	21,64	51,52	
	FOLK_S_00078	XE	3,05	1,55	37,50	
FOLK_E_00064_SE_01
	FOLK_S_00129	AK	0,20	0,13	16,67	
	FOLK_S_00099	BD	1,35	2,72	24,39	
	FOLK_S_00439	EN	0,43	3,32	0,00	
	FOLK_S_00120	EP	0,73	0,91	9,09	
	FOLK_S_00437	FB	0,03	0,00	100,00	
	FOLK_S_00119	FL	4,43	6,63	28,36	
	FOLK_S_00115	GH	4,16	3,35	12,70	
	FOLK_S_00102	GS	0,43	0,54	46,15	
	FOLK_S_00096	HG	29,13	22,59	23,47	
	FOLK_S_00101	HR	0,92	1,61	21,43	
	FOLK_S_00438	HW	0,56	1,71	5,88	
	FOLK_S_00117	IL	2,21	2,86	28,36	
	FOLK_S_00105	JB	0,63	0,53	10,53	
	FOLK_S_00127	KB	0,23	0,65	0,00	
	FOLK_S_00130	KR	4,36	7,63	15,91	
	FOLK_S_00121	MH	6,80	8,57	12,14	
	FOLK_S_00123	ML	3,83	2,54	26,72	
	FOLK_S_00098	PC	0,69	0,92	19,05	
	FOLK_S_00126	SB	0,69	0,69	19,05	
	FOLK_S_00106	TG	4,26	7,22	32,56	
	FOLK_S_00107	VK	19,22	14,83	19,93	
	FOLK_S_00124	WK	3,76	3,13	14,04	
FOLK_E_00066_SE_01
	FOLK_S_00359	AL	22,12	19,61	27,19	
	FOLK_S_00357	JO	36,59	46,54	33,69	
	FOLK_S_00360	PA	13,28	11,45	29,21	
	FOLK_S_00358	UD	26,04	21,94	33,96	
FOLK_E_00068_SE_01
	FOLK_S_00099	BD	0,66	0,64	57,14	
	FOLK_S_00100	BP	13,08	17,28	23,34	
	FOLK_S_00448	DF	0,85	1,63	5,56	
	FOLK_S_00118	EH	4,81	2,67	26,83	
	FOLK_S_00119	FL	4,11	6,91	21,71	
	FOLK_S_00131	GE	0,63	0,61	7,41	
	FOLK_S_00115	GH	0,77	0,60	27,27	
	FOLK_S_00102	GS	1,01	1,47	27,91	
	FOLK_S_00096	HG	29,27	23,37	28,15	
	FOLK_S_00101	HR	0,54	0,74	26,09	
	FOLK_S_00117	IL	1,50	2,72	21,88	
	FOLK_S_00105	JB	0,26	0,22	27,27	
	FOLK_S_00138	JK	0,23	0,44	20,00	
	FOLK_S_00097	KA	15,07	12,45	21,34	
	FOLK_S_00449	KI	0,16	0,84	14,29	
	FOLK_S_00450	LF	0,40	0,18	58,82	
	FOLK_S_00176	MO	1,83	2,57	10,26	
	FOLK_S_00098	PC	3,80	4,66	19,75	
	FOLK_S_00104	TB	0,12	0,15	0,00	
	FOLK_S_00106	TG	5,00	6,72	44,60	
	FOLK_S_00133	UM	0,02	0,00	100,00	
	FOLK_S_00107	VK	7,65	9,73	30,67	
	FOLK_S_00125	WA	0,00	0,00	NaN	
	FOLK_S_00103	WW	0,73	0,60	12,90	
FOLK_E_00069_SE_01
	FOLK_S_00111	BB	0,03	0,00	100,00	
	FOLK_S_00435	BH	0,49	2,14	5,88	
	FOLK_S_00100	BP	4,27	5,74	26,85	
	FOLK_S_00119	FL	0,29	0,62	20,00	
	FOLK_S_00115	GH	0,80	0,71	25,00	
	FOLK_S_00434	GP	0,11	0,30	0,00	
	FOLK_S_00102	GS	3,24	3,72	32,74	
	FOLK_S_00096	HG	29,22	18,61	27,25	
	FOLK_S_00153	HK	0,09	0,29	0,00	
	FOLK_S_00101	HR	1,06	2,27	16,22	
	FOLK_S_00138	JK	0,72	1,66	20,00	
	FOLK_S_00162	JS	6,02	7,99	30,95	
	FOLK_S_00097	KA	0,20	0,36	0,00	
	FOLK_S_00436	KB	0,89	2,55	6,45	
	FOLK_S_00155	KP	1,06	1,25	27,03	
	FOLK_S_00140	MT	0,29	0,33	0,00	
	FOLK_S_00098	PC	1,49	1,36	23,08	
	FOLK_S_00139	PP	0,34	0,65	16,67	
	FOLK_S_00104	TB	0,20	0,18	28,57	
	FOLK_S_00106	TG	0,40	0,16	35,71	
	FOLK_S_00161	UZ	0,40	0,49	21,43	
	FOLK_S_00107	VK	0,69	0,94	29,17	
	FOLK_S_00154	WL	10,03	17,80	22,57	
	FOLK_S_00157	WW	26,53	23,88	32,83	
FOLK_E_00070_SE_01
	FOLK_S_00099	BD	0,79	1,41	30,30	
	FOLK_S_00100	BP	0,07	0,02	66,67	
	FOLK_S_00170	CS	0,07	0,06	0,00	
	FOLK_S_00119	FL	0,02	0,00	100,00	
	FOLK_S_00451	GB	0,41	1,71	0,00	
	FOLK_S_00131	GE	2,91	2,71	18,85	
	FOLK_S_00115	GH	0,76	0,71	9,38	
	FOLK_S_00102	GS	0,67	0,84	10,71	
	FOLK_S_00096	HG	24,90	22,51	28,57	
	FOLK_S_00101	HR	2,08	2,33	31,03	
	FOLK_S_00452	HS	9,00	11,09	18,04	
	FOLK_S_00117	IL	0,10	0,04	50,00	
	FOLK_S_00105	JB	0,05	0,00	100,00	
	FOLK_S_00453	JD	2,58	3,25	21,30	
	FOLK_S_00138	JK	0,10	0,18	25,00	
	FOLK_S_00097	KA	0,72	0,53	43,33	
	FOLK_S_00454	KW	1,74	3,06	20,55	
	FOLK_S_00455	LB	0,24	1,38	0,00	
	FOLK_S_00163	MF	0,07	0,05	33,33	
	FOLK_S_00121	MH	5,06	5,14	25,00	
	FOLK_S_00176	MO	3,56	3,93	11,41	
	FOLK_S_00167	MV	3,89	5,45	25,77	
	FOLK_S_00098	PC	2,46	3,43	20,39	
	FOLK_S_00106	TG	0,84	0,75	42,86	
	FOLK_S_00456	TK	1,79	2,37	37,33	
	FOLK_S_00107	VK	21,75	17,75	23,82	
	FOLK_S_00112	WH	0,64	1,04	22,22	
	FOLK_S_00157	WI	1,12	1,01	21,28	
	FOLK_S_00124	WK	4,18	4,34	22,29	
	FOLK_S_00103	WW	2,63	1,96	23,64	
FOLK_E_00074_SE_01
	FOLK_S_00590	BWS2	43,61	37,75	48,02	
	FOLK_S_00432	MF	56,39	62,25	43,95	
FOLK_E_00076_SE_01
	FOLK_S_00032	DJ	66,58	80,27	23,55	
	FOLK_S_00031	TJ	33,16	19,68	48,84	
FOLK_E_00077_SE_01
	FOLK_S_00457	LB	47,44	53,14	45,68	
	FOLK_S_00458	UG	52,22	46,79	34,64	
FOLK_E_00079_SE_01
	FOLK_S_00462	CG	18,28	17,75	31,82	
	FOLK_S_00464	JS	22,58	26,49	44,79	
	FOLK_S_00463	LH	45,98	46,54	33,73	
	FOLK_S_00465	LK	12,74	9,14	51,09	
FOLK_E_00080_SE_01
	FOLK_S_00467	DZ	41,10	53,70	28,05	
	FOLK_S_00466	VB	56,64	44,91	48,23	
FOLK_E_00081_SE_01
	FOLK_S_00468	MS	54,04	70,06	24,30	
	FOLK_S_00469	SP	45,96	29,94	58,24	
FOLK_E_00082_SE_01
	FOLK_S_00471	AD	22,47	23,31	46,12	
	FOLK_S_00474	EK	15,07	15,29	38,73	
	FOLK_S_00475	MB	1,48	1,21	47,06	
	FOLK_S_00472	OH	15,77	17,98	32,60	
	FOLK_S_00473	SA	6,62	4,35	38,16	
	FOLK_S_00470	VF	26,57	28,59	34,75	
	FOLK_S_00476	VM	7,32	7,63	32,14	
FOLK_E_00083_SE_01
	FOLK_S_00406	AS	23,63	12,58	68,13	
	FOLK_S_00363	RK	75,89	87,27	36,10	
	FOLK_S_00365	RT	0,47	0,15	80,00	
FOLK_E_00084_SE_01
	FOLK_S_00478	EG	47,33	36,89	37,82	
	FOLK_S_00477	FR	52,67	63,11	28,48	
FOLK_E_00085_SE_01
	FOLK_S_00481	AH	44,03	40,70	35,59	
	FOLK_S_00480	HH	52,99	57,85	40,85	
FOLK_E_00086_SE_01
	FOLK_S_00272	AAC3	52,47	50,52	40,57	
	FOLK_S_00273	AAC4	42,58	45,46	37,37	
FOLK_E_00087_SE_01
	FOLK_S_00282	BUC3	49,28	58,60	41,76	
	FOLK_S_00283	BUC4	32,75	25,10	36,28	
FOLK_E_00088_SE_01
	FOLK_S_00482	JK	56,99	44,88	41,39	
	FOLK_S_00483	MK	42,38	54,92	31,03	
FOLK_E_00089_SE_01
	FOLK_S_00292	FFM3	42,06	34,88	49,06	
	FOLK_S_00293	FFM4	50,79	59,87	30,47	
FOLK_E_00090_SE_01
	FOLK_S_00298	HAN3	44,00	56,88	39,09	
	FOLK_S_00299	HAN4	49,00	38,02	50,20	
FOLK_E_00091_SE_01
	FOLK_S_00316	TMP3	38,54	28,33	49,50	
	FOLK_S_00317	TMP4	51,83	64,34	34,94	
FOLK_E_00092_SE_01
	FOLK_S_00485	ES	42,61	35,41	45,97	
	FOLK_S_00486	SN	24,40	19,93	45,07	
	FOLK_S_00484	TH	32,99	44,66	31,25	
FOLK_E_00093_SE_01
	FOLK_S_00318	FRE3	50,10	44,56	43,70	
	FOLK_S_00319	FRE4	38,86	45,05	34,52	
FOLK_E_00094_SE_01
	FOLK_S_00314	TMP1	49,59	52,20	43,37	
	FOLK_S_00315	TMP2	46,30	44,09	50,89	
FOLK_E_00095_SE_01
	FOLK_S_00312	SOE3	43,40	45,36	40,97	
	FOLK_S_00313	SOE4	48,76	47,57	45,10	
FOLK_E_00096_SE_01
	FOLK_S_00310	KLE1	41,13	35,56	57,76	
	FOLK_S_00311	KLE2	46,45	52,17	45,04	
FOLK_E_00097_SE_01
	FOLK_S_00308	MNH1	40,90	37,42	50,68	
	FOLK_S_00309	MNH2	44,26	45,36	40,51	
FOLK_E_00098_SE_01
	FOLK_S_00306	LHW1	45,42	46,30	46,51	
	FOLK_S_00307	LHW2	46,83	47,19	38,35	
FOLK_E_00099_SE_01
	FOLK_S_00302	HUS1	46,35	49,65	38,59	
	FOLK_S_00303	HUS2	50,19	48,66	44,06	
FOLK_E_00100_SE_01
	FOLK_S_00300	HBG1	49,40	55,64	45,73	
	FOLK_S_00301	HBG2	46,39	39,00	50,00	
FOLK_E_00101_SE_01
	FOLK_S_00296	HAN1	46,87	48,79	46,95	
	FOLK_S_00297	HAN2	47,58	48,01	41,73	
FOLK_E_00102_SE_01
	FOLK_S_00294	GSK3	52,14	55,35	35,07	
	FOLK_S_00295	GSK4	35,80	36,65	35,87	
FOLK_E_00103_SE_01
	FOLK_S_00290	FFM1	45,28	35,35	44,51	
	FOLK_S_00291	FFM2	50,38	61,70	36,96	
FOLK_E_00104_SE_01
	FOLK_S_00286	DUI1	42,19	45,99	40,94	
	FOLK_S_00287	DUI2	48,84	44,47	46,94	
FOLK_E_00105_SE_01
	FOLK_S_00284	DRE3	47,79	54,12	39,64	
	FOLK_S_00285	DRE4	46,35	40,33	47,72	
FOLK_E_00106_SE_01
	FOLK_S_00280	BUC1	40,44	42,32	41,89	
	FOLK_S_00281	BUC2	45,08	46,11	46,06	
FOLK_E_00107_SE_01
	FOLK_S_00276	BHV3	39,32	27,78	53,26	
	FOLK_S_00277	BHV4	53,42	66,78	31,20	
FOLK_E_00108_SE_01
	FOLK_S_00278	BLN1	45,53	40,20	45,09	
	FOLK_S_00279	BLN2	46,84	53,25	39,33	
FOLK_E_00109_SE_01
	FOLK_S_00274	BFD3	47,63	53,05	42,86	
	FOLK_S_00275	BFD4	42,01	38,31	42,96	
FOLK_E_00110_SE_01
	FOLK_S_00270	AAC1	50,64	35,32	55,23	
	FOLK_S_00271	AAC2	46,25	61,68	34,39	
FOLK_E_00111_SE_01
	FOLK_S_00083	MA	3,77	3,22	50,00	
	FOLK_S_00085	MC	57,08	72,87	16,53	
	FOLK_S_00090	MJ	12,74	6,35	59,26	
	FOLK_S_00091	MO	23,58	17,12	46,00	
FOLK_E_00112_SE_01
	FOLK_S_00083	MA	11,82	3,96	78,38	
	FOLK_S_00084	MB	66,13	73,34	27,54	
	FOLK_S_00090	MJ	14,06	17,15	36,36	
	FOLK_S_00094	MT	7,03	5,35	27,27	
FOLK_E_00113_SE_01
	FOLK_S_00086	MD	15,07	2,46	81,82	
	FOLK_S_00087	ME	24,66	4,63	72,22	
	FOLK_S_00089	MH	60,27	92,91	6,82	
FOLK_E_00114_SE_01
	FOLK_S_00086	MD	23,97	42,96	32,49	
	FOLK_S_00087	ME	31,87	36,79	36,26	
	FOLK_S_00090	MJ	10,71	6,78	46,59	
	FOLK_S_00092	MP	33,45	13,47	69,82	
FOLK_E_00115_SE_01
	FOLK_S_00086	MD	11,51	3,37	78,57	
	FOLK_S_00087	ME	23,29	9,57	71,76	
	FOLK_S_00088	MG	65,21	87,06	19,75	
FOLK_E_00116_SE_01
	FOLK_S_00086	MD	11,27	7,06	50,00	
	FOLK_S_00087	ME	21,13	14,11	40,00	
	FOLK_S_00093	MQ	67,61	78,83	22,92	
FOLK_E_00117_SE_01
	FOLK_S_00083	MA	11,76	3,02	66,67	
	FOLK_S_00087	ME	4,31	0,99	90,91	
	FOLK_S_00090	MJ	77,25	93,25	12,69	
	FOLK_S_00095	MU	5,88	2,69	46,67	
FOLK_E_00118_SE_01
	FOLK_S_00083	MA	25,68	9,10	57,89	
	FOLK_S_00087	ME	69,37	89,76	30,19	
	FOLK_S_00095	MU	2,93	0,87	53,85	
FOLK_E_00119_SE_01
	FOLK_S_00199	PE	12,82	9,91	41,13	
	FOLK_S_00191	RW	33,45	32,45	41,58	
	FOLK_S_00198	TI	53,55	57,61	36,67	
FOLK_E_00120_SE_01
	FOLK_S_00225	AQ	0,12	0,02	100,00	
	FOLK_S_00221	BV	4,32	5,68	20,00	
	FOLK_S_00219	CY	0,86	0,91	42,86	
	FOLK_S_00218	DS	0,37	0,14	66,67	
	FOLK_S_00220	FK	0,25	0,04	100,00	
	FOLK_S_00226	HK	72,63	72,63	35,82	
	FOLK_S_00215	HY	6,17	7,78	34,00	
	FOLK_S_00213	LH	0,12	0,02	100,00	
	FOLK_S_00214	NK	0,74	0,83	16,67	
	FOLK_S_00208	RW	0,74	0,43	50,00	
	FOLK_S_00212	RZ	2,96	3,06	29,17	
	FOLK_S_00224	TG	0,74	0,97	33,33	
	FOLK_S_00222	TS	0,74	0,97	33,33	
	FOLK_S_00210	TZ	1,11	0,56	55,56	
	FOLK_S_00216	UT	3,70	3,55	43,33	
	FOLK_S_00211	ZF	2,22	1,47	44,44	
FOLK_E_00121_SE_01
	FOLK_S_00256	AA	0,00	0,00	NaN	
	FOLK_S_00254	AK	1,66	1,71	35,48	
	FOLK_S_00267	BB	3,53	4,05	24,24	
	FOLK_S_00259	CC	2,51	3,05	17,02	
	FOLK_S_00265	CF	0,27	0,13	60,00	
	FOLK_S_00253	DK	0,00	0,00	NaN	
	FOLK_S_00260	GA	0,59	0,56	27,27	
	FOLK_S_00257	HM	4,12	5,77	10,39	
	FOLK_S_00261	JH	1,60	1,39	23,33	
	FOLK_S_00263	JN	2,19	2,74	19,51	
	FOLK_S_00251	MB	1,55	2,53	20,69	
	FOLK_S_00258	MG	1,98	2,37	13,51	
	FOLK_S_00269	MZ	0,05	0,01	100,00	
	FOLK_S_00255	NY	0,05	0,05	0,00	
	FOLK_S_00266	PD	1,39	1,18	53,85	
	FOLK_S_00252	RC	2,94	4,45	30,91	
	FOLK_S_00229	SM	68,02	64,54	38,84	
	FOLK_S_00264	SS	0,05	0,02	100,00	
FOLK_E_00123_SE_01
	FOLK_S_00256	AA	0,28	0,21	0,00	
	FOLK_S_00254	AK	0,28	0,04	100,00	
	FOLK_S_00267	BB	2,52	1,37	33,33	
	FOLK_S_00268	BZ	1,12	0,66	50,00	
	FOLK_S_00259	CC	2,80	1,41	60,00	
	FOLK_S_00265	CF	0,28	0,04	100,00	
	FOLK_S_00253	DK	0,00	0,00	NaN	
	FOLK_S_00261	JH	0,28	0,04	100,00	
	FOLK_S_00263	JN	1,40	0,70	20,00	
	FOLK_S_00262	LM	2,52	1,41	66,67	
	FOLK_S_00251	MB	2,24	1,82	25,00	
	FOLK_S_00258	MG	3,92	1,62	50,00	
	FOLK_S_00255	NY	0,00	0,00	NaN	
	FOLK_S_00266	PD	0,28	0,04	100,00	
	FOLK_S_00252	RC	2,52	1,20	55,56	
	FOLK_S_00264	SS	0,28	0,12	0,00	
	FOLK_S_00230	US	76,19	88,44	26,47	
FOLK_E_00124_SE_01
	FOLK_S_00238	CK	0,42	0,50	20,00	
	FOLK_S_00240	DG	3,45	4,48	26,83	
	FOLK_S_00232	DH	1,43	1,75	23,53	
	FOLK_S_00233	ET	1,09	0,85	53,85	
	FOLK_S_00244	FH	0,17	0,21	0,00	
	FOLK_S_00231	FS	2,52	2,21	43,33	
	FOLK_S_00243	KG	0,59	0,77	28,57	
	FOLK_S_00248	KL	3,53	4,32	28,57	
	FOLK_S_00236	LZ	0,84	1,31	30,00	
	FOLK_S_00239	MH	1,77	1,90	33,33	
	FOLK_S_00235	MM	0,42	0,23	60,00	
	FOLK_S_00249	MS	0,00	0,00	NaN	
	FOLK_S_00250	OW	0,00	0,00	NaN	
	FOLK_S_00247	PL	1,60	2,25	26,32	
	FOLK_S_00228	PM	69,72	68,33	48,25	
	FOLK_S_00245	PS	4,46	3,78	43,40	
	FOLK_S_00242	TB	0,93	1,40	36,36	
	FOLK_S_00246	UR	2,44	2,75	27,59	
	FOLK_S_00237	VP	0,00	0,00	NaN	
	FOLK_S_00234	YD	0,84	1,15	40,00	
FOLK_E_00125_SE_01
	FOLK_S_00256	AA	0,12	0,09	50,00	
	FOLK_S_00254	AK	1,69	3,65	7,14	
	FOLK_S_00267	BB	2,53	3,33	45,24	
	FOLK_S_00259	CC	1,03	1,00	47,06	
	FOLK_S_00265	CF	1,33	1,51	36,36	
	FOLK_S_00253	DK	0,12	0,14	50,00	
	FOLK_S_00260	GA	0,78	0,51	61,54	
	FOLK_S_00261	JH	1,99	2,67	36,36	
	FOLK_S_00263	JN	2,77	4,41	10,87	
	FOLK_S_00262	LM	1,09	2,16	27,78	
	FOLK_S_00251	MB	1,33	2,15	18,18	
	FOLK_S_00258	MG	0,97	1,47	25,00	
	FOLK_S_00269	MZ	0,00	0,00	NaN	
	FOLK_S_00255	NY	0,36	0,22	83,33	
	FOLK_S_00266	PD	1,27	1,31	28,57	
	FOLK_S_00228	PM	78,29	69,58	54,08	
	FOLK_S_00252	RC	2,17	3,38	36,11	
	FOLK_S_00264	SS	1,15	1,91	31,58	
FOLK_E_00126_SE_01
	FOLK_S_00511	CM	12,87	6,17	24,71	
	FOLK_S_00502	ER	1,18	0,83	31,25	
	FOLK_S_00499	EW	1,18	1,77	12,50	
	FOLK_S_00505	FK	0,89	0,74	33,33	
	FOLK_S_00497	FS	3,62	2,76	14,29	
	FOLK_S_00509	GK	1,78	0,73	20,83	
	FOLK_S_00508	HD	0,67	0,65	11,11	
	FOLK_S_00503	HH	0,37	0,50	0,00	
	FOLK_S_00501	HT	2,51	2,59	44,12	
	FOLK_S_00504	IH	1,18	3,20	12,50	
	FOLK_S_00500	JM	0,15	1,48	0,00	
	FOLK_S_00496	PK	8,21	7,19	30,63	
	FOLK_S_00506	RE	1,63	1,36	13,64	
	FOLK_S_00498	RG	1,55	3,05	4,76	
	FOLK_S_00495	RM	7,10	13,68	6,25	
	FOLK_S_00507	SC	0,44	0,96	16,67	
	FOLK_S_00493	SF	8,58	5,68	29,31	
	FOLK_S_00512	SS	1,55	1,90	23,81	
	FOLK_S_00510	SW	0,74	1,21	10,00	
	FOLK_S_00494	TB	36,91	42,13	24,25	
FOLK_E_00127_SE_01
	FOLK_S_00238	CK	0,54	0,62	50,00	
	FOLK_S_00240	DG	3,10	3,81	39,13	
	FOLK_S_00232	DH	1,08	2,20	37,50	
	FOLK_S_00233	ET	1,21	1,58	11,11	
	FOLK_S_00244	FH	0,67	1,06	0,00	
	FOLK_S_00231	FS	3,50	3,52	34,62	
	FOLK_S_00241	JG	1,62	2,58	25,00	
	FOLK_S_00243	KG	0,00	0,00	NaN	
	FOLK_S_00248	KL	0,54	0,70	25,00	
	FOLK_S_00236	LZ	0,54	1,32	0,00	
	FOLK_S_00239	MH	1,35	1,12	60,00	
	FOLK_S_00235	MM	0,00	0,00	NaN	
	FOLK_S_00249	MS	0,00	0,00	NaN	
	FOLK_S_00269	MZ	0,13	0,03	100,00	
	FOLK_S_00250	OW	0,00	0,00	NaN	
	FOLK_S_00247	PL	3,23	5,16	33,33	
	FOLK_S_00228	PM	73,35	64,94	54,68	
	FOLK_S_00245	PS	0,00	0,00	NaN	
	FOLK_S_00242	TB	0,67	1,56	0,00	
	FOLK_S_00246	UR	0,81	0,91	50,00	
	FOLK_S_00237	VP	0,00	0,00	NaN	
	FOLK_S_00234	YD	6,86	8,60	21,57	
FOLK_E_00128_SE_01
	FOLK_S_00238	CK	1,07	1,42	14,29	
	FOLK_S_00227	CS	65,45	69,14	34,88	
	FOLK_S_00240	DG	2,79	3,14	29,09	
	FOLK_S_00232	DH	1,73	2,07	26,47	
	FOLK_S_00244	FH	1,47	1,03	51,72	
	FOLK_S_00231	FS	2,94	2,74	31,03	
	FOLK_S_00243	KG	1,07	0,53	61,90	
	FOLK_S_00248	KL	1,32	1,70	23,08	
	FOLK_S_00236	LZ	2,18	1,86	41,86	
	FOLK_S_00239	MH	2,08	1,90	34,15	
	FOLK_S_00235	MM	0,66	0,66	38,46	
	FOLK_S_00269	MZ	0,00	0,00	NaN	
	FOLK_S_00247	PL	2,59	1,81	41,18	
	FOLK_S_00245	PS	0,81	0,89	18,75	
	FOLK_S_00242	TB	1,47	2,07	13,79	
	FOLK_S_00246	UR	1,62	1,71	28,13	
	FOLK_S_00237	VP	0,25	0,08	80,00	
	FOLK_S_00234	YD	3,65	3,81	34,72	
FOLK_E_00129_SE_01
	FOLK_S_00353	CHE3	46,44	58,31	24,34	
	FOLK_S_00432	MF	53,56	41,69	51,14	
FOLK_E_00130_SE_01
	FOLK_S_00352	NDH4	47,59	76,72	25,43	
	FOLK_S_00433	NL	52,41	23,28	51,97	
FOLK_E_00132_SE_01
	FOLK_S_00178	AM	29,65	29,35	44,21	
	FOLK_S_00181	JA	20,21	17,55	46,27	
	FOLK_S_00180	KA	21,90	20,96	42,52	
	FOLK_S_00177	PA	27,49	31,78	34,12	
	FOLK_S_00179	SÖ	0,27	0,22	61,29	
FOLK_E_00133_SE_01
	FOLK_S_00203	AM	28,67	27,01	36,11	
	FOLK_S_00206	CM	31,29	32,22	34,18	
	FOLK_S_00207	HM	34,93	37,99	39,09	
	FOLK_S_00205	JM	1,37	0,85	33,33	
	FOLK_S_00204	SM	1,02	0,81	22,22	
FOLK_E_00134_SE_01
	FOLK_S_00320	NH1	30,28	35,89	30,20	
	FOLK_S_00321	NH2	13,62	14,33	19,40	
	FOLK_S_00322	NH3	34,76	34,42	35,67	
	FOLK_S_00323	NH4	13,21	12,10	29,23	
FOLK_E_00135_SE_01
	FOLK_S_00321	NH2	6,11	6,14	37,50	
	FOLK_S_00324	NH5	15,27	15,58	32,50	
	FOLK_S_00325	NH6	11,07	7,24	48,28	
	FOLK_S_00326	NH7	15,27	10,68	50,00	
	FOLK_S_00327	NH8	39,31	54,21	22,33	
FOLK_E_00136_SE_01
	FOLK_S_00320	NH1	3,86	4,75	41,18	
	FOLK_S_00329	NH10	23,41	20,40	37,86	
	FOLK_S_00330	NH11	5,91	3,46	42,31	
	FOLK_S_00322	NH3	25,68	20,07	46,02	
	FOLK_S_00328	NH9	32,50	45,09	28,67	
FOLK_E_00137_SE_01
	FOLK_S_00322	NH3	18,54	15,60	46,43	
	FOLK_S_00324	NH5	37,09	42,62	35,71	
	FOLK_S_00325	NH6	37,09	36,07	42,86	
FOLK_E_00138_SE_01
	FOLK_S_00320	NH1	47,93	56,74	32,10	
	FOLK_S_00330	NH11	6,31	4,27	59,38	
	FOLK_S_00323	NH4	26,82	27,28	39,71	
	FOLK_S_00326	NH7	11,44	5,65	74,14	
	FOLK_S_00328	NH9	0,20	0,40	0,00	
FOLK_E_00139_SE_01
	FOLK_S_00329	NH10	49,48	53,56	29,47	
	FOLK_S_00331	NH12	19,27	28,98	27,03	
	FOLK_S_00326	NH7	9,38	4,49	66,67	
	FOLK_S_00328	NH9	15,10	9,56	44,83	
FOLK_E_00140_SE_01
	FOLK_S_00329	NH10	25,31	25,85	44,14	
	FOLK_S_00330	NH11	0,17	0,04	100,00	
	FOLK_S_00321	NH2	47,12	50,89	44,81	
	FOLK_S_00325	NH6	3,14	2,55	44,44	
	FOLK_S_00326	NH7	19,37	18,25	48,65	
FOLK_E_00141_SE_01
	FOLK_S_00330	NH11	5,24	4,01	36,36	
	FOLK_S_00321	NH2	12,86	8,39	40,74	
	FOLK_S_00324	NH5	19,05	13,42	40,00	
	FOLK_S_00326	NH7	14,76	17,61	19,35	
	FOLK_S_00328	NH9	30,95	44,45	18,46	
FOLK_E_00142_SE_01
	FOLK_S_00329	NH10	56,46	68,63	37,35	
	FOLK_S_00330	NH11	17,69	11,71	65,38	
	FOLK_S_00321	NH2	7,14	5,32	57,14	
	FOLK_S_00326	NH7	11,56	11,85	32,35	
FOLK_E_00143_SE_01
	FOLK_S_00202	GI	18,28	12,06	41,16	
	FOLK_S_00201	HM	39,02	44,98	36,38	
	FOLK_S_00200	JI	42,51	42,92	35,31	
FOLK_E_00144_SE_01
	FOLK_S_00361	AN	46,65	55,11	27,40	
	FOLK_S_00362	LS	53,35	44,89	41,32	
FOLK_E_00146_SE_01
	FOLK_S_00404	EA	0,56	0,26	66,67	
	FOLK_S_00364	GS	8,42	3,84	58,89	
	FOLK_S_00369	MB	0,28	0,05	100,00	
	FOLK_S_00363	RK	90,18	95,72	33,51	
	FOLK_S_00365	RT	0,56	0,13	83,33	
FOLK_E_00147_SE_01
	FOLK_S_00515	AK	60,08	72,70	25,32	
	FOLK_S_00514	EH	21,36	13,62	44,99	
	FOLK_S_00513	RK	18,29	13,65	29,73	
FOLK_E_00148_SE_01
	FOLK_S_00517	HF	50,33	71,37	26,92	
	FOLK_S_00516	TS	49,58	28,62	48,77	
FOLK_E_00150_SE_01
	FOLK_S_00188	IW	59,29	73,81	23,88	
	FOLK_S_00189	JS	40,71	26,19	52,17	
FOLK_E_00151_SE_01
	FOLK_S_00190	CE	46,50	56,65	26,03	
	FOLK_S_00288	DE	53,50	43,35	30,95	
FOLK_E_00152_SE_01
	FOLK_S_00370	KL_g	47,53	53,94	44,43	
	FOLK_S_00371	PB_ga	52,07	45,93	46,37	
FOLK_E_00153_SE_01
	FOLK_S_00372	KL_f	50,00	54,17	40,00	
	FOLK_S_00373	PB_f	50,00	45,83	0,00	
FOLK_E_00154_SE_01
	FOLK_S_00374	KL_e	50,00	52,27	40,00	
	FOLK_S_00375	PB_e	50,00	47,73	0,00	
FOLK_E_00155_SE_01
	FOLK_S_00377	PB_d	66,67	74,19	25,00	
	FOLK_S_00376	VA_d	25,00	22,58	66,67	
FOLK_E_00156_SE_01
	FOLK_S_00378	KL_d	5,33	2,80	50,00	
	FOLK_S_00379	PB_da	51,56	52,43	37,07	
	FOLK_S_00376	VA_d	43,11	44,77	51,55	
FOLK_E_00157_SE_01
	FOLK_S_00380	KL_c	43,07	47,13	35,05	
	FOLK_S_00381	PB_c	56,85	52,84	38,24	
FOLK_E_00158_SE_01
	FOLK_S_00383	KL_b	68,00	77,47	29,41	
	FOLK_S_00384	PB_b	32,00	22,53	56,25	
FOLK_E_00159_SE_01
	FOLK_S_00385	KL_a	60,00	69,49	33,33	
	FOLK_S_00386	PB_a	40,00	30,51	50,00	
FOLK_E_00160_SE_01
	FOLK_S_00385	KL_a	64,14	68,23	31,56	
	FOLK_S_00387	PB_aa	35,64	31,74	33,02	
FOLK_E_00161_SE_01
	FOLK_S_00392	AJ	15,73	16,52	41,70	
	FOLK_S_00389	AU	5,19	6,85	28,48	
	FOLK_S_00390	FK	29,16	24,37	47,94	
	FOLK_S_00391	NM	12,09	9,33	54,55	
	FOLK_S_00388	TU	36,40	42,04	35,38	
	FOLK_S_00393	WE	0,89	0,76	57,69	
FOLK_E_00162_SE_01
	FOLK_S_00394	FB	47,46	53,66	39,71	
	FOLK_S_00395	JL	47,65	42,91	37,32	
	FOLK_S_00444	MS	4,20	3,25	35,82	
FOLK_E_00163_SE_01
	FOLK_S_00397	CD	56,49	63,65	31,37	
	FOLK_S_00398	EA	13,61	9,92	44,19	
	FOLK_S_00396	OT	29,27	26,14	41,08	
FOLK_E_00165_SE_01
	FOLK_S_00401	BS	36,93	39,65	38,57	
	FOLK_S_00402	LB	49,81	52,53	29,80	
	FOLK_S_00403	PS	13,11	7,80	55,75	
FOLK_E_00166_SE_01
	FOLK_S_00238	CK	2,11	1,93	26,32	
	FOLK_S_00227	CS	76,14	80,76	31,34	
	FOLK_S_00232	DH	4,22	4,60	23,68	
	FOLK_S_00233	ET	0,22	0,22	0,00	
	FOLK_S_00244	FH	0,11	0,11	0,00	
	FOLK_S_00231	FS	0,55	0,23	60,00	
	FOLK_S_00236	LZ	0,22	0,09	50,00	
	FOLK_S_00239	MH	4,11	3,39	27,03	
	FOLK_S_00235	MM	0,11	0,05	0,00	
	FOLK_S_00249	MS	0,78	0,23	100,00	
	FOLK_S_00247	PL	0,55	0,13	100,00	
	FOLK_S_00245	PS	0,22	0,11	50,00	
	FOLK_S_00242	TB	0,22	0,63	0,00	
	FOLK_S_00246	UR	2,22	1,97	30,00	
	FOLK_S_00237	VP	0,11	0,09	0,00	
	FOLK_S_00234	YD	3,66	3,07	39,39	
FOLK_E_00167_SE_01
	FOLK_S_00404	EA	22,48	10,29	76,17	
	FOLK_S_00363	RK	77,52	89,71	30,58	
	FOLK_S_00365	RT	0,00	0,00	NaN	
FOLK_E_00168_SE_01
	FOLK_S_00406	AS	0,13	0,10	50,00	
	FOLK_S_00363	RK	68,99	85,82	37,28	
	FOLK_S_00365	RT	0,91	0,85	50,00	
	FOLK_S_00405	TD	29,96	13,23	82,14	
FOLK_E_00169_SE_01
	FOLK_S_00406	AS	25,22	15,39	63,92	
	FOLK_S_00363	RK	73,40	83,50	35,89	
	FOLK_S_00365	RT	0,61	0,56	14,29	
	FOLK_S_00405	TD	0,78	0,54	22,22	
FOLK_E_00171_SE_01
	FOLK_S_00404	EA	0,95	0,41	63,64	
	FOLK_S_00407	PW	14,45	6,43	76,79	
	FOLK_S_00363	RK	81,51	91,47	32,17	
	FOLK_S_00365	RT	3,10	1,69	58,33	
FOLK_E_00172_SE_01
	FOLK_S_00363	RK	73,36	89,35	38,16	
	FOLK_S_00365	RT	0,97	0,39	90,00	
	FOLK_S_00405	TD	25,68	10,27	84,21	
FOLK_E_00173_SE_01
	FOLK_S_00409	SH	13,60	10,56	56,65	
	FOLK_S_00410	TB	50,14	47,96	37,54	
	FOLK_S_00408	TN	36,27	41,49	38,14	
FOLK_E_00174_SE_01
	FOLK_S_00412	DO	58,83	51,14	32,08	
	FOLK_S_00411	MZ	4,69	2,69	72,00	
	FOLK_S_00408	TN	36,48	46,18	50,32	
FOLK_E_00175_SE_01
	FOLK_S_00414	CW	25,34	24,86	26,62	
	FOLK_S_00415	FW	25,24	23,81	34,73	
	FOLK_S_00416	MW	13,01	15,97	21,48	
	FOLK_S_00413	OW	22,16	21,81	30,00	
	FOLK_S_00417	SW	13,58	13,43	41,84	
FOLK_E_00176_SE_01
	FOLK_S_00418	GLZ4	53,29	61,83	45,96	
	FOLK_S_00433	NL	46,71	38,17	53,53	
FOLK_E_00177_SE_01
	FOLK_S_00433	NL	40,49	29,36	46,98	
	FOLK_S_00419	SMA3	56,54	69,56	32,71	
FOLK_E_00178_SE_01
	FOLK_S_00433	NL	47,99	21,53	61,83	
	FOLK_S_00420	WIE2	51,53	78,34	29,38	
FOLK_E_00179_SE_01
	FOLK_S_00433	NL	41,89	28,38	52,82	
	FOLK_S_00421	ZIT4	58,11	71,62	29,94	
FOLK_E_00180_SE_01
	FOLK_S_00271	AAC2	47,13	64,93	30,27	
	FOLK_S_00433	NL	52,87	35,07	47,88	
FOLK_E_00181_SE_01
	FOLK_S_00301	HBG2	47,12	44,65	45,06	
	FOLK_S_00432	MF	52,28	55,23	40,43	
FOLK_E_00182_SE_01
	FOLK_S_00422	KOB2	48,80	72,56	29,57	
	FOLK_S_00432	MF	51,00	27,31	68,17	
FOLK_E_00183_SE_01
	FOLK_S_00432	MF	54,07	63,68	42,56	
	FOLK_S_00423	STP4	45,84	36,27	41,98	
FOLK_E_00184_SE_01
	FOLK_S_00432	MF	53,23	42,39	56,57	
	FOLK_S_00424	STZ2	46,77	57,61	42,76	
FOLK_E_00185_SE_01
	FOLK_S_00432	MF	53,00	46,69	48,89	
	FOLK_S_00425	VAD2	47,00	53,31	32,58	
FOLK_E_00186_SE_01
	FOLK_S_00426	EST4	50,90	62,28	32,67	
	FOLK_S_00433	NL	49,10	37,72	48,74	
FOLK_E_00187_SE_01
	FOLK_S_00427	EUP1	44,17	63,06	25,38	
	FOLK_S_00432	MF	55,38	36,84	49,39	
FOLK_E_00188_SE_01
	FOLK_S_00428	DUI3	49,49	50,33	44,90	
	FOLK_S_00429	DUI4	39,06	40,52	37,93	
FOLK_E_00189_SE_01
	FOLK_S_00430	LBG1	53,95	50,23	47,44	
	FOLK_S_00431	LBG2	42,09	45,38	44,60	
FOLK_E_00190_SE_01
	FOLK_S_00187	AZ	60,41	37,18	65,17	
	FOLK_S_00188	IW	39,59	62,82	37,14	
FOLK_E_00191_SE_01
	FOLK_S_00522	AJ	59,84	72,72	23,96	
	FOLK_S_00521	HF	40,16	27,28	35,03	
FOLK_E_00193_SE_01
	FOLK_S_00525	AB	23,44	28,22	41,16	
	FOLK_S_00526	FL	44,67	42,02	54,26	
	FOLK_S_00527	VS	31,84	29,75	63,99	
FOLK_E_00194_SE_01
	FOLK_S_00529	JS	53,88	48,48	49,77	
	FOLK_S_00528	LS	45,86	51,49	46,45	
FOLK_E_00197_SE_01
	FOLK_S_00536	JN	35,77	39,55	31,58	
	FOLK_S_00535	MD	28,66	17,62	55,47	
	FOLK_S_00537	SG	35,56	42,84	28,24	
FOLK_E_00198_SE_01
	FOLK_S_00538	AR	55,37	55,53	30,61	
	FOLK_S_00539	BP	43,50	43,50	36,36	
FOLK_E_00201_SE_01
	FOLK_S_00546	GB	34,71	31,92	54,82	
	FOLK_S_00545	KH	12,43	20,24	28,21	
	FOLK_S_00548	RH	1,44	0,88	52,17	
	FOLK_S_00547	SB	20,97	12,61	58,36	
	FOLK_S_00544	TH	30,36	34,33	41,86	
FOLK_E_00202_SE_01
	FOLK_S_00553	DP	18,36	14,67	39,02	
	FOLK_S_00554	FB	20,95	19,88	31,78	
	FOLK_S_00551	KE	24,86	24,25	32,60	
	FOLK_S_00550	ME	19,07	17,55	29,16	
	FOLK_S_00552	TE	16,56	23,58	31,68	
FOLK_E_00203_SE_01
	FOLK_S_00556	AB	59,30	73,67	35,29	
	FOLK_S_00555	ME	40,70	26,33	65,06	
FOLK_E_00204_SE_01
	FOLK_S_00557	EW	20,19	21,04	35,53	
	FOLK_S_00558	LM	25,59	26,50	38,32	
	FOLK_S_00560	LS	26,92	24,06	43,02	
	FOLK_S_00559	TW	26,85	28,25	34,73	
FOLK_E_00206_SE_01
	FOLK_S_00566	BW	3,68	2,31	47,37	
	FOLK_S_00570	EL	1,87	1,09	37,93	
	FOLK_S_00569	EW	77,53	88,45	27,14	
	FOLK_S_00565	JF	2,32	1,14	47,22	
	FOLK_S_00568	KT	7,55	4,68	44,44	
	FOLK_S_00571	MK	1,10	0,50	41,18	
	FOLK_S_00567	SN	2,52	1,25	46,15	
FOLK_E_00207_SE_01
	FOLK_S_00574	EW	46,05	55,38	40,18	
	FOLK_S_00573	LW	29,52	28,67	42,96	
	FOLK_S_00572	ZW	24,22	15,88	61,37	
FOLK_E_00208_SE_01
	FOLK_S_00574	EW	47,01	54,97	43,63	
	FOLK_S_00573	LW	30,51	29,15	45,93	
	FOLK_S_00572	ZW	21,82	15,71	60,87	
FOLK_E_00209_SE_01
	FOLK_S_00574	EW	44,97	53,56	41,19	
	FOLK_S_00573	LW	28,72	25,85	50,00	
	FOLK_S_00572	ZW	25,77	20,46	56,77	
FOLK_E_00210_SE_01
	FOLK_S_00773	AK	1,24	3,10	4,17	
	FOLK_S_00442	EJ	30,72	38,95	19,50	
	FOLK_S_00440	HK	13,89	9,53	55,76	
	FOLK_S_00774	KW	0,31	0,30	33,33	
	FOLK_S_00441	PD	4,90	5,48	9,47	
	FOLK_S_00443	PS	34,95	29,05	28,06	
	FOLK_S_00772	UT	1,24	1,11	12,50	
FOLK_E_00211_SE_01
	FOLK_S_00575	AV	41,12	70,92	25,00	
	FOLK_S_00576	KA	50,47	25,67	53,70	
	FOLK_S_00577	KB	8,41	3,40	77,78	
FOLK_E_00212_SE_01
	FOLK_S_00575	AV	33,33	28,57	40,00	
	FOLK_S_00578	KC	56,67	65,71	35,29	
FOLK_E_00213_SE_01
	FOLK_S_00579	GL	35,71	47,44	39,07	
	FOLK_S_00580	KF	25,42	28,48	37,25	
	FOLK_S_00581	KG	37,21	22,81	60,27	
FOLK_E_00214_SE_01
	FOLK_S_00582	CR	52,24	64,85	34,29	
	FOLK_S_00583	KH	47,76	35,15	37,50	
FOLK_E_00215_SE_01
	FOLK_S_00582	CR	42,97	62,47	32,73	
	FOLK_S_00584	KI	49,22	35,60	57,14	
	FOLK_S_00585	KJ	7,81	1,93	80,00	
FOLK_E_00216_SE_01
	FOLK_S_00582	CR	53,28	53,23	44,62	
	FOLK_S_00586	KK	46,72	46,77	38,60	
FOLK_E_00217_SE_01
	FOLK_S_00588	AZ	5,17	5,56	29,78	
	FOLK_S_00587	PZ	64,28	78,24	30,88	
	FOLK_S_00589	TZ	30,53	16,20	54,66	
FOLK_E_00218_SE_01
	FOLK_S_00587	PZ	70,86	85,98	26,98	
	FOLK_S_00589	TZ	28,74	13,96	57,21	
FOLK_E_00219_SE_01
	FOLK_S_00592	LH	48,67	42,65	47,99	
	FOLK_S_00591	RD	51,33	57,35	39,51	
FOLK_E_00220_SE_01
	FOLK_S_00594	AG	24,47	25,94	30,31	
	FOLK_S_00595	FF	44,46	45,97	29,70	
	FOLK_S_00593	MK	29,44	27,80	35,64	
FOLK_E_00221_SE_01
	FOLK_S_00596	DN	39,32	32,65	41,80	
	FOLK_S_00597	LM	60,68	67,35	41,27	
FOLK_E_00223_SE_01
	FOLK_S_00600	JS	55,17	62,87	31,25	
	FOLK_S_00601	KD	41,38	35,93	50,00	
FOLK_E_00224_SE_01
	FOLK_S_00600	JS	60,00	73,56	15,15	
	FOLK_S_00602	KE	38,18	25,93	69,84	
FOLK_E_00225_SE_01
	FOLK_S_00604	AG	46,20	53,33	31,63	
	FOLK_S_00603	NR	53,55	46,63	37,20	
	FOLK_S_00605	TD	0,24	0,04	100,00	
FOLK_E_00226_SE_01
	FOLK_S_00607	MK	49,27	30,62	52,22	
	FOLK_S_00606	SW	50,73	69,38	23,38	
FOLK_E_00227_SE_01
	FOLK_S_00610	AG	29,10	30,52	38,01	
	FOLK_S_00608	IG	19,49	13,67	55,81	
	FOLK_S_00611	LG	23,84	26,86	31,56	
	FOLK_S_00609	PG	27,56	28,94	29,61	
FOLK_E_00228_SE_01
	FOLK_S_00612	AM	25,56	19,31	36,79	
	FOLK_S_00614	MS	38,26	46,11	26,26	
	FOLK_S_00613	SH	34,24	34,05	32,39	
FOLK_E_00229_SE_01
	FOLK_S_00616	AS	48,15	70,29	7,69	
	FOLK_S_00615	EM	51,85	29,71	42,86	
FOLK_E_00230_SE_01
	FOLK_S_00616	AS	64,52	77,46	40,00	
	FOLK_S_00617	GL	35,48	22,54	45,45	
FOLK_E_00231_SE_01
	FOLK_S_00616	AS	39,53	76,12	35,29	
	FOLK_S_00618	CE	60,47	23,88	76,92	
FOLK_E_00235_SE_01
	FOLK_S_00625	CD	50,00	44,35	42,86	
	FOLK_S_00624	ST	50,00	55,65	32,14	
FOLK_E_00237_SE_01
	FOLK_S_00628	FS	54,55	47,19	38,89	
	FOLK_S_00624	ST	45,45	52,81	40,00	
FOLK_E_00238_SE_01
	FOLK_S_00629	FE	54,05	58,70	35,00	
	FOLK_S_00624	ST	45,95	41,30	35,29	
FOLK_E_00239_SE_01
	FOLK_S_00630	JP	41,94	33,33	69,23	
	FOLK_S_00624	ST	58,06	66,67	38,89	
FOLK_E_00243_SE_01
	FOLK_S_00634	CE	45,02	51,61	38,17	
	FOLK_S_00635	IA	53,26	47,88	37,42	
FOLK_E_00246_SE_01
	FOLK_S_00644	AZ	54,26	53,74	38,24	
	FOLK_S_00643	DZ	45,74	46,26	20,93	
FOLK_E_00248_SE_01
	FOLK_S_00680	DP	0,00	0,00	NaN	
	FOLK_S_00648	KH	41,92	42,64	57,22	
	FOLK_S_00649	VD	58,08	57,36	36,61	
FOLK_E_00250_SE_01
	FOLK_S_00650	HD	0,16	0,02	100,00	
	FOLK_S_00652	JP	0,00	0,00	NaN	
	FOLK_S_00648	KH	38,69	38,92	56,54	
	FOLK_S_00649	VD	60,98	61,04	33,73	
FOLK_E_00251_SE_01
	FOLK_S_00659	AS	24,13	28,61	37,13	
	FOLK_S_00655	DB	7,53	6,25	39,68	
	FOLK_S_00658	EH	6,93	6,07	34,48	
	FOLK_S_00654	ML	16,13	14,17	49,63	
	FOLK_S_00653	NJ	27,12	27,15	39,65	
	FOLK_S_00657	SE	0,36	0,16	66,67	
	FOLK_S_00656	SL	15,29	16,78	35,94	
FOLK_E_00252_SE_01
	FOLK_S_00655	DB	4,38	4,20	44,90	
	FOLK_S_00661	JR	31,46	31,59	44,89	
	FOLK_S_00654	ML	21,00	21,24	45,96	
	FOLK_S_00653	NJ	21,27	20,36	42,44	
	FOLK_S_00656	SL	20,11	21,39	36,89	
	FOLK_S_00660	SU	0,27	0,23	33,33	
FOLK_E_00253_SE_01
	FOLK_S_00655	DB	3,14	3,03	44,19	
	FOLK_S_00662	FN	36,89	43,18	59,01	
	FOLK_S_00654	ML	22,35	19,08	52,94	
	FOLK_S_00653	NJ	16,07	14,82	45,45	
	FOLK_S_00656	SL	21,11	19,81	52,94	
FOLK_E_00254_SE_01
	FOLK_S_00667	AM	28,61	36,12	46,74	
	FOLK_S_00665	IT	24,78	21,01	52,62	
	FOLK_S_00664	MS	14,20	11,17	45,43	
	FOLK_S_00663	SF	12,38	11,08	45,70	
	FOLK_S_00666	SG	18,20	20,23	43,33	
FOLK_E_00255_SE_01
	FOLK_S_00668	AG	28,42	37,11	42,69	
	FOLK_S_00669	BS	31,00	26,37	39,25	
	FOLK_S_00671	JF	18,01	15,47	44,91	
	FOLK_S_00670	PD	21,60	20,86	42,98	
FOLK_E_00256_SE_01
	FOLK_S_00674	NU	62,84	93,58	19,98	
	FOLK_S_00673	ZY	37,16	6,42	93,97	
FOLK_E_00257_SE_01
	FOLK_S_00675	AA	47,81	86,02	21,07	
	FOLK_S_00673	ZY	52,19	13,98	83,70	
FOLK_E_00258_SE_01
	FOLK_S_00676	AB	62,89	94,77	13,06	
	FOLK_S_00673	ZY	37,11	5,23	88,17	
FOLK_E_00259_SE_01
	FOLK_S_00677	ES	50,81	47,55	44,29	
	FOLK_S_00678	IF	25,29	29,47	28,44	
	FOLK_S_00679	MM	20,42	20,98	35,23	
FOLK_E_00260_SE_01
	FOLK_S_00681	CF	44,76	41,13	44,03	
	FOLK_S_00682	SH	55,03	58,82	38,24	
FOLK_E_00261_SE_01
	FOLK_S_00685	JP	1,14	0,35	86,67	
	FOLK_S_00683	OB	62,75	80,16	27,69	
	FOLK_S_00684	VG	36,12	19,50	70,38	
FOLK_E_00262_SE_01
	FOLK_S_00683	OB	95,69	97,97	26,07	
FOLK_E_00263_SE_01
	FOLK_S_00683	OB	94,80	98,73	31,30	
	FOLK_S_00686	SB	0,19	0,02	100,00	
FOLK_E_00264_SE_01
	FOLK_S_00687	AR	39,05	65,42	24,39	
	FOLK_S_00685	JP	5,71	1,87	66,67	
	FOLK_S_00686	SB	26,67	19,98	46,43	
	FOLK_S_00684	VG	28,57	12,73	66,67	
FOLK_E_00265_SE_01
	FOLK_S_00689	CL	9,47	7,23	41,62	
	FOLK_S_00688	HA	15,76	17,22	41,77	
	FOLK_S_00691	JS	9,85	8,88	48,29	
	FOLK_S_00695	LR	6,68	4,32	37,41	
	FOLK_S_00690	PS	19,89	24,59	32,61	
	FOLK_S_00692	SF	13,65	12,24	40,14	
	FOLK_S_00694	SH	9,90	13,20	28,64	
	FOLK_S_00693	WM	12,64	11,73	43,73	
FOLK_E_00266_SE_01
	FOLK_S_00689	CL	12,37	12,40	39,07	
	FOLK_S_00697	EP	16,05	17,03	30,67	
	FOLK_S_00698	GO	0,41	0,26	27,78	
	FOLK_S_00688	HA	10,10	14,11	41,95	
	FOLK_S_00696	HH	1,17	0,84	60,78	
	FOLK_S_00691	JS	5,54	7,31	31,82	
	FOLK_S_00695	LR	7,42	4,90	46,60	
	FOLK_S_00690	PS	20,75	16,71	50,77	
	FOLK_S_00692	SF	9,89	10,28	37,04	
	FOLK_S_00693	WM	12,98	15,13	28,40	
FOLK_E_00267_SE_01
	FOLK_S_00699	AR	16,67	15,70	39,56	
	FOLK_S_00701	IN	28,85	37,19	26,92	
	FOLK_S_00720	LV	39,01	38,88	40,44	
	FOLK_S_00700	MB	13,10	7,77	53,65	
FOLK_E_00268_SE_01
	FOLK_S_00702	LZ	55,37	62,75	27,50	
	FOLK_S_00703	MN	44,63	37,25	34,58	
FOLK_E_00269_SE_01
	FOLK_S_00704	KF	64,79	85,33	29,40	
	FOLK_S_00705	TM	35,21	14,67	73,77	
FOLK_E_00270_SE_01
	FOLK_S_00708	AO	22,28	9,13	61,25	
	FOLK_S_00706	AP	27,58	32,45	20,20	
	FOLK_S_00806	JJ	2,51	1,82	22,22	
	FOLK_S_00805	RJ	3,90	2,79	28,57	
	FOLK_S_00707	VO	38,16	50,44	25,55	
FOLK_E_00271_SE_01
	FOLK_S_00710	BP	69,31	73,65	30,82	
	FOLK_S_00709	CP	30,69	26,35	44,71	
FOLK_E_00272_SE_01
	FOLK_S_00711	CW	49,09	50,25	33,75	
	FOLK_S_00712	KB	50,76	49,70	40,12	
FOLK_E_00273_SE_01
	FOLK_S_00715	AR	32,54	41,11	36,55	
	FOLK_S_00713	CG	30,23	21,70	57,00	
	FOLK_S_00714	EP	37,03	37,14	45,65	
FOLK_E_00274_SE_01
	FOLK_S_00717	BM	24,26	18,05	53,58	
	FOLK_S_00716	ES	52,96	62,58	36,04	
	FOLK_S_00718	LB	14,91	14,48	42,27	
	FOLK_S_00719	SK	7,04	4,62	56,79	
FOLK_E_00285_SE_01
	FOLK_S_00728	AK	0,13	0,03	100,00	
	FOLK_S_00726	LG	0,29	0,11	77,78	
	FOLK_S_00725	SG	47,06	53,97	43,06	
	FOLK_S_00727	SK	44,38	42,61	43,04	
FOLK_E_00286_SE_01
	FOLK_S_00731	KH	0,33	0,14	66,67	
	FOLK_S_00730	LH	32,79	29,22	55,33	
	FOLK_S_00729	TZ	66,89	70,65	39,71	
FOLK_E_00287_SE_01
	FOLK_S_00732	AF	22,61	20,23	38,72	
	FOLK_S_00736	FB	19,61	25,39	26,01	
	FOLK_S_00733	GW	10,53	9,14	41,25	
	FOLK_S_00735	IR	19,22	27,57	27,05	
	FOLK_S_00734	MB	12,77	10,03	44,85	
	FOLK_S_00738	RF	0,16	0,03	100,00	
	FOLK_S_00737	VF	5,33	3,91	33,95	
FOLK_E_00288_SE_01
	FOLK_S_00739	AP	52,03	42,22	32,00	
	FOLK_S_00740	MB	47,57	57,66	34,63	
	FOLK_S_00804	MP	0,40	0,13	77,78	
FOLK_E_00289_SE_01
	FOLK_S_00742	FS	50,83	64,26	35,87	
	FOLK_S_00741	PF	49,17	35,74	59,55	
FOLK_E_00290_SE_01
	FOLK_S_00744	HH	11,66	12,34	30,32	
	FOLK_S_00746	KH	6,79	8,82	21,00	
	FOLK_S_00749	KS	10,45	12,36	31,45	
	FOLK_S_00743	KW	11,07	10,27	39,22	
	FOLK_S_00750	LN	14,11	14,45	36,48	
	FOLK_S_00747	NL	19,76	23,48	33,44	
	FOLK_S_00748	TP	7,10	5,17	43,23	
	FOLK_S_00745	TU	10,86	10,32	38,29	
FOLK_E_00291_SE_01
	FOLK_S_00753	BM	19,22	13,89	47,69	
	FOLK_S_00751	LM	30,10	39,61	29,86	
	FOLK_S_00754	MW	26,37	25,61	41,48	
	FOLK_S_00752	ZM	24,13	20,86	47,79	
FOLK_E_00292_SE_01
	FOLK_S_00755	SH	56,80	68,22	52,78	
	FOLK_S_00756	VS	43,20	31,78	58,45	
FOLK_E_00293_SE_01
	FOLK_S_00759	GS	44,11	45,29	26,42	
	FOLK_S_00757	NG	35,53	34,80	30,63	
	FOLK_S_00758	ZF	20,29	19,89	26,03	
FOLK_E_00294_SE_01
	FOLK_S_00760	EB	48,93	52,03	38,10	
	FOLK_S_00761	WB	51,07	47,97	40,87	
FOLK_E_00295_SE_01
	FOLK_S_00763	FA	44,52	40,86	41,79	
	FOLK_S_00762	JA	55,48	59,14	26,93	
FOLK_E_00296_SE_01
	FOLK_S_00765	IW	40,91	13,98	64,89	
	FOLK_S_00764	SB	59,09	86,02	29,83	
FOLK_E_00298_SE_01
	FOLK_S_00771	AC	52,78	62,26	26,32	
	FOLK_S_00770	HS	47,22	37,74	44,12	
FOLK_E_00299_SE_01
	FOLK_S_00775	EL	32,45	23,75	62,22	
	FOLK_S_00776	LL	67,55	76,25	37,37	
FOLK_E_00300_SE_01
	FOLK_S_00778	CS	20,20	19,22	41,18	
	FOLK_S_00781	DB	19,21	26,61	21,31	
	FOLK_S_00780	EW	24,95	28,08	37,04	
	FOLK_S_00779	OE	11,55	9,64	37,71	
	FOLK_S_00777	TP	8,91	9,71	32,59	
FOLK_E_00301_SE_01
	FOLK_S_00974	FW	55,28	47,92	41,16	
	FOLK_S_00975	IL	42,90	48,76	33,24	
FOLK_E_00302_SE_01
	FOLK_S_00783	MD	30,20	45,32	37,78	
	FOLK_S_00782	RN	41,61	35,02	54,84	
	FOLK_S_00784	SR	26,17	19,29	43,59	
FOLK_E_00303_SE_01
	FOLK_S_00787	EM	34,16	20,47	72,23	
	FOLK_S_00786	FA	31,47	35,00	43,66	
	FOLK_S_00789	NM	19,39	26,82	56,42	
	FOLK_S_00788	RC	14,72	17,65	60,56	
FOLK_E_00304_SE_01
	FOLK_S_00791	BW	30,93	26,68	26,67	
	FOLK_S_00793	EH	38,14	56,42	16,22	
	FOLK_S_00792	MD	30,93	16,90	53,33	
FOLK_E_00305_SE_01
	FOLK_S_00795	CH	48,78	62,29	20,00	
	FOLK_S_00794	DL	51,22	37,71	57,14	
FOLK_E_00308_SE_01
	FOLK_S_00803	LD	21,27	20,79	43,13	
	FOLK_S_00800	LH	29,52	33,16	35,21	
	FOLK_S_00801	MT	27,77	23,66	44,74	
	FOLK_S_00802	SD	21,07	22,30	40,46	
FOLK_E_00309_SE_01
	FOLK_S_00807	JM	32,48	41,23	37,64	
	FOLK_S_00810	SM	28,66	15,58	68,32	
	FOLK_S_00808	TM	23,78	28,06	41,32	
FOLK_E_00313_SE_01
	FOLK_S_00861	AR	0,95	0,22	50,00	
	FOLK_S_00858	BB	66,72	90,96	14,42	
	FOLK_S_00859	BS	0,00	0,00	NaN	
	FOLK_S_00866	GL	0,63	0,26	25,00	
	FOLK_S_00868	HL	0,16	0,03	0,00	
	FOLK_S_00863	JG	1,42	0,65	44,44	
	FOLK_S_00864	MB	4,57	1,40	41,38	
	FOLK_S_00860	MJ	0,16	0,08	0,00	
	FOLK_S_00827	OS	0,00	0,00	NaN	
	FOLK_S_00865	RB	0,32	0,02	100,00	
	FOLK_S_00832	RE	0,16	0,05	0,00	
	FOLK_S_00862	UR	22,56	5,96	44,06	
FOLK_E_00318_SE_01
	FOLK_S_00904	MJ	52,27	50,38	44,17	
	FOLK_S_00903	VB	47,17	49,44	40,84	
FOLK_E_00321_SE_01
	FOLK_S_00910	OW	43,33	46,13	28,60	
	FOLK_S_00911	SL	56,52	53,85	43,68	
FOLK_E_00322_SE_01
	FOLK_S_00913	CE	50,87	45,69	43,43	
	FOLK_S_00912	MP	49,13	54,31	43,01	
FOLK_E_00323_SE_01
	FOLK_S_00914	AG	43,22	37,07	58,82	
	FOLK_S_00915	UG	56,78	62,93	26,87	
FOLK_E_00324_SE_01
	FOLK_S_00914	AG	31,48	16,53	76,47	
	FOLK_S_00915	UG	68,52	83,47	29,73	
FOLK_E_00327_SE_01
	FOLK_S_00923	DP	46,50	50,85	33,80	
	FOLK_S_00922	PC	53,50	49,15	42,01	
FOLK_E_00329_SE_01
	FOLK_S_01001	A	2,41	0,54	95,24	
	FOLK_S_00931	AF	12,51	16,29	24,26	
	FOLK_S_00932	CK	4,41	4,05	43,23	
	FOLK_S_00927	CS	12,60	12,46	33,94	
	FOLK_S_00926	DA	24,02	33,23	29,67	
	FOLK_S_00929	LE	9,93	10,44	31,02	
	FOLK_S_00930	PH	10,02	10,77	33,72	
	FOLK_S_00928	VP	8,05	6,76	34,86	
	FOLK_S_01000	W	5,40	1,43	89,79	
FOLK_E_00330_SE_01
	FOLK_S_00944	AD	5,70	6,47	36,10	
	FOLK_S_00941	AH	2,78	2,77	43,00	
	FOLK_S_00937	AW	9,77	7,54	35,61	
	FOLK_S_00943	BM	11,69	12,03	30,48	
	FOLK_S_00935	DC	0,72	1,06	23,08	
	FOLK_S_00940	ER	2,50	2,85	36,67	
	FOLK_S_00946	FS	2,11	2,33	34,21	
	FOLK_S_00934	JH	10,66	9,47	43,08	
	FOLK_S_00938	LG	2,45	2,12	44,32	
	FOLK_S_00939	LN	7,18	6,38	44,96	
	FOLK_S_00945	LP	1,86	0,98	62,69	
	FOLK_S_00933	MA	21,15	20,69	38,82	
	FOLK_S_00942	RA	3,06	3,47	25,45	
	FOLK_S_00936	RK	16,11	21,14	36,96	
FOLK_E_00331_SE_01
	FOLK_S_00947	CA	47,30	39,21	41,76	
	FOLK_S_00948	RA	52,25	60,40	30,58	
FOLK_E_00332_SE_01
	FOLK_S_00949	AC	50,88	52,00	40,95	
	FOLK_S_00950	CT	49,12	48,00	47,77	
FOLK_E_00333_SE_01
	FOLK_S_00951	GG	48,35	51,34	29,02	
	FOLK_S_00951	TT	51,65	48,66	26,03	
FOLK_E_00334_SE_01
	FOLK_S_00953	AS	34,77	27,54	65,17	
	FOLK_S_00954	HR	65,23	72,46	39,22	
FOLK_E_00335_SE_01
	FOLK_S_00955	CB	10,62	9,48	50,33	
	FOLK_S_00959	CH	20,86	21,11	49,41	
	FOLK_S_00957	JR	30,74	28,78	47,58	
	FOLK_S_00960	LM	20,11	22,42	40,14	
	FOLK_S_00956	NT	11,65	13,34	36,47	
	FOLK_S_00958	SM	6,02	4,87	54,71	
FOLK_E_00337_SE_01
	FOLK_S_00970	AS	14,62	28,90	9,88	
	FOLK_S_00969	JM	16,61	19,93	21,74	
	FOLK_S_00972	JV	23,47	16,37	16,15	
	FOLK_S_00971	KC	7,94	11,65	34,09	
	FOLK_S_00973	SD	19,49	22,06	36,11	
FOLK_E_00338_SE_01
	FOLK_S_00968	JP	18,70	16,89	22,11	
	FOLK_S_00965	KS	33,46	43,90	18,82	
	FOLK_S_00966	PO	29,92	17,25	32,89	
	FOLK_S_00967	RA	16,34	21,87	10,84	
FOLK_E_00339_SE_01
	FOLK_S_00976	AA	17,61	8,57	67,18	
	FOLK_S_00978	JR	46,98	74,51	13,59	
	FOLK_S_00977	NN	35,28	16,89	62,48	
FOLK_E_00342_SE_01
	FOLK_S_00988	HB	46,46	66,07	21,01	
	FOLK_S_00986	RM	19,99	10,86	54,52	
	FOLK_S_00987	YB	33,36	23,04	60,12	
FOLK_E_00343_SE_01
	FOLK_S_00990	KL	66,51	76,54	31,64	
	FOLK_S_00989	SR	33,33	23,44	43,32	
FOLK_E_00344_SE_01
	FOLK_S_00992	CB	51,29	47,70	36,10	
	FOLK_S_00991	CS	48,29	52,12	34,54	
FOLK_E_00345_SE_01
	FOLK_S_00993	RJ	100,00	100,00	50,67	
FOLK_E_00346_SE_01
	FOLK_S_00996	GK	32,41	38,90	31,50	
	FOLK_S_00995	SF	52,98	51,80	44,76	
	FOLK_S_00994	SH	14,45	9,28	22,83	
FOLK_E_00347_SE_01
	FOLK_S_00999	BS	50,06	51,06	38,41	
	FOLK_S_00997	MC	30,95	31,98	29,36	
	FOLK_S_00998	PS	18,64	16,90	35,22	
