Speech Event	tokens	content	ratio
GWSS_E_00001_SE_01	3999	1571	0,39	
GWSS_E_00002_SE_01	5879	2267	0,39	
GWSS_E_00003_SE_01	4629	1868	0,40	
GWSS_E_00004_SE_01	1982	767	0,39	
GWSS_E_00005_SE_01	2535	914	0,36	
GWSS_E_00006_SE_01	7951	3151	0,40	
GWSS_E_00007_SE_01	9020	3575	0,40	
GWSS_E_00008_SE_01	4531	1887	0,42	
GWSS_E_00009_SE_01	3973	1619	0,41	
GWSS_E_00010_SE_01	5020	2069	0,41	
GWSS_E_00011_SE_01	3424	1472	0,43	
GWSS_E_00012_SE_01	3318	1384	0,42	
GWSS_E_00013_SE_01	4658	1938	0,42	
GWSS_E_00014_SE_01	4434	1832	0,41	
GWSS_E_00015_SE_01	9791	3950	0,40	
GWSS_E_00016_SE_01	8041	3274	0,41	
GWSS_E_00017_SE_01	5727	2165	0,38	
GWSS_E_00018_SE_01	4866	1937	0,40	
GWSS_E_00019_SE_01	4439	1886	0,42	
GWSS_E_00020_SE_01	5653	2485	0,44	
GWSS_E_00021_SE_01	5863	2546	0,43	
GWSS_E_00022_SE_01	6540	2380	0,36	
GWSS_E_00023_SE_01	7509	3107	0,41	
GWSS_E_00024_SE_01	7306	2936	0,40	
GWSS_E_00025_SE_01	6667	2886	0,43	
GWSS_E_00026_SE_01	6052	2784	0,46	
GWSS_E_00027_SE_01	5772	2777	0,48	
GWSS_E_00028_SE_01	6035	2625	0,43	
GWSS_E_00029_SE_01	7033	2751	0,39	
GWSS_E_00030_SE_01	6218	2682	0,43	
GWSS_E_00031_SE_01	7087	3031	0,43	
GWSS_E_00032_SE_01	5566	2196	0,39	
GWSS_E_00033_SE_01	6189	2719	0,44	
GWSS_E_00034_SE_01	6156	2392	0,39	
GWSS_E_00035_SE_01	2984	1333	0,45	
GWSS_E_00036_SE_01	2935	1291	0,44	
GWSS_E_00040_SE_01	3478	1482	0,43	
GWSS_E_00041_SE_01	4277	1849	0,43	
GWSS_E_00042_SE_01	2820	1210	0,43	
GWSS_E_00047_SE_01	2636	1102	0,42	
GWSS_E_00050_SE_01	1940	805	0,41	
GWSS_E_00051_SE_01	5357	2277	0,43	
GWSS_E_00052_SE_01	3847	1636	0,43	
GWSS_E_00053_SE_01	2780	1191	0,43	
GWSS_E_00054_SE_01	10974	4605	0,42	
GWSS_E_00055_SE_01	3572	1638	0,46	
GWSS_E_00056_SE_01	5689	2397	0,42	
GWSS_E_00057_SE_01	3530	1468	0,42	
GWSS_E_00058_SE_01	6872	2782	0,40	
GWSS_E_00059_SE_01	4561	1883	0,41	
GWSS_E_00060_SE_01	6739	2765	0,41	
GWSS_E_00061_SE_01	6249	2576	0,41	
GWSS_E_00062_SE_01	3084	1257	0,41	
GWSS_E_00063_SE_01	3491	1404	0,40	
GWSS_E_00064_SE_01	4135	1682	0,41	
GWSS_E_00065_SE_01	4057	1412	0,35	
GWSS_E_00066_SE_01	3333	1221	0,37	
GWSS_E_00067_SE_01	2539	995	0,39	
GWSS_E_00069_SE_01	1788	699	0,39	
GWSS_E_00070_SE_01	2289	872	0,38	
GWSS_E_00071_SE_01	2659	984	0,37	
GWSS_E_00072_SE_01	1642	610	0,37	
GWSS_E_00073_SE_01	2383	831	0,35	
GWSS_E_00074_SE_01	2454	923	0,38	
GWSS_E_00075_SE_01	4199	1676	0,40	
GWSS_E_00076_SE_01	8952	3547	0,40	
GWSS_E_00077_SE_01	3472	1380	0,40	
GWSS_E_00078_SE_01	3455	1315	0,38	
GWSS_E_00079_SE_01	3322	1282	0,39	
GWSS_E_00080_SE_01	7814	3179	0,41	
GWSS_E_00081_SE_01	7733	2962	0,38	
GWSS_E_00082_SE_01	5101	1926	0,38	
GWSS_E_00083_SE_01	2594	987	0,38	
GWSS_E_00084_SE_01	4633	1846	0,40	
GWSS_E_00085_SE_01	586	232	0,40	
GWSS_E_00086_SE_01	374	124	0,33	
GWSS_E_00087_SE_01	788	310	0,39	
GWSS_E_00088_SE_01	676	217	0,32	
GWSS_E_00089_SE_01	909	334	0,37	
GWSS_E_00090_SE_01	1080	370	0,34	
GWSS_E_00091_SE_01	880	272	0,31	
GWSS_E_00092_SE_01	435	166	0,38	
GWSS_E_00093_SE_01	619	213	0,34	
GWSS_E_00094_SE_01	708	275	0,39	
GWSS_E_00095_SE_01	905	287	0,32	
GWSS_E_00096_SE_01	443	159	0,36	
GWSS_E_00097_SE_01	756	286	0,38	
GWSS_E_00098_SE_01	890	339	0,38	
GWSS_E_00099_SE_01	614	212	0,35	
GWSS_E_00100_SE_01	687	209	0,30	
GWSS_E_00101_SE_01	1130	486	0,43	
GWSS_E_00102_SE_01	887	333	0,38	
GWSS_E_00103_SE_01	618	246	0,40	
GWSS_E_00104_SE_01	616	213	0,35	
GWSS_E_00105_SE_01	440	162	0,37	
GWSS_E_00106_SE_01	878	345	0,39	
GWSS_E_00107_SE_01	1148	382	0,33	
GWSS_E_00108_SE_01	444	186	0,42	
GWSS_E_00109_SE_01	529	199	0,38	
GWSS_E_00110_SE_01	565	204	0,36	
GWSS_E_00111_SE_01	666	218	0,33	
GWSS_E_00112_SE_01	388	138	0,36	
GWSS_E_00113_SE_01	691	260	0,38	
GWSS_E_00114_SE_01	496	196	0,40	
GWSS_E_00115_SE_01	928	337	0,36	
GWSS_E_00116_SE_01	508	179	0,35	
GWSS_E_00117_SE_01	268	105	0,39	
GWSS_E_00118_SE_01	707	253	0,36	
GWSS_E_00119_SE_01	563	178	0,32	
GWSS_E_00120_SE_01	960	335	0,35	
GWSS_E_00121_SE_01	465	161	0,35	
GWSS_E_00122_SE_01	642	226	0,35	
GWSS_E_00123_SE_01	301	98	0,33	
GWSS_E_00124_SE_01	530	183	0,35	
GWSS_E_00125_SE_01	676	245	0,36	
GWSS_E_00126_SE_01	767	256	0,33	
GWSS_E_00127_SE_01	632	215	0,34	
GWSS_E_00128_SE_01	216	92	0,43	
GWSS_E_00129_SE_01	676	262	0,39	
GWSS_E_00130_SE_01	658	210	0,32	
GWSS_E_00131_SE_01	362	136	0,38	
GWSS_E_00132_SE_01	424	133	0,31	
GWSS_E_00133_SE_01	426	147	0,35	
GWSS_E_00134_SE_01	468	182	0,39	
GWSS_E_00135_SE_01	566	205	0,36	
GWSS_E_00136_SE_01	785	243	0,31	
GWSS_E_00137_SE_01	478	172	0,36	
GWSS_E_00138_SE_01	506	155	0,31	
GWSS_E_00139_SE_01	618	199	0,32	
GWSS_E_00140_SE_01	278	97	0,35	
GWSS_E_00141_SE_01	537	163	0,30	
GWSS_E_00142_SE_01	431	163	0,38	
GWSS_E_00143_SE_01	906	327	0,36	
GWSS_E_00144_SE_01	2295	964	0,42	
GWSS_E_00145_SE_01	3195	1386	0,43	
GWSS_E_00146_SE_01	3549	1525	0,43	
GWSS_E_00147_SE_01	2418	1071	0,44	
GWSS_E_00148_SE_01	4765	1995	0,42	
GWSS_E_00149_SE_01	3958	1691	0,43	
GWSS_E_00150_SE_01	3975	1535	0,39	
GWSS_E_00151_SE_01	3743	1600	0,43	
GWSS_E_00152_SE_01	4609	1716	0,37	
GWSS_E_00153_SE_01	4713	1886	0,40	
GWSS_E_00154_SE_01	2617	1264	0,48	
GWSS_E_00155_SE_01	3616	1521	0,42	
GWSS_E_00156_SE_01	3060	1346	0,44	
GWSS_E_00157_SE_01	4562	2089	0,46	
GWSS_E_00158_SE_01	3199	1322	0,41	
GWSS_E_00159_SE_01	2137	1019	0,48	
GWSS_E_00160_SE_01	3914	1727	0,44	
GWSS_E_00161_SE_01	3867	1821	0,47	
GWSS_E_00162_SE_01	3536	1690	0,48	
GWSS_E_00163_SE_01	6890	2988	0,43	
GWSS_E_00164_SE_01	5088	2175	0,43	
GWSS_E_00165_SE_01	4334	1600	0,37	
GWSS_E_00166_SE_01	3350	1451	0,43	
GWSS_E_00167_SE_01	1922	1043	0,54	
GWSS_E_00168_SE_01	2303	1142	0,50	
GWSS_E_00169_SE_01	1794	795	0,44	
GWSS_E_00170_SE_01	1386	648	0,47	
GWSS_E_00171_SE_01	3069	1554	0,51	
GWSS_E_00172_SE_01	1085	392	0,36	
GWSS_E_00173_SE_01	1007	446	0,44	
GWSS_E_00174_SE_01	742	349	0,47	
GWSS_E_00175_SE_01	4591	2114	0,46	
GWSS_E_00176_SE_01	3092	1316	0,43	
GWSS_E_00177_SE_01	5518	2486	0,45	
GWSS_E_00178_SE_01	2565	1059	0,41	
GWSS_E_00179_SE_01	2263	893	0,39	
GWSS_E_00180_SE_01	2179	896	0,41	
GWSS_E_00181_SE_01	2166	882	0,41	
GWSS_E_00182_SE_01	2958	1128	0,38	
GWSS_E_00183_SE_01	2023	795	0,39	
GWSS_E_00184_SE_01	3056	1190	0,39	
GWSS_E_00185_SE_01	2741	1172	0,43	
GWSS_E_00186_SE_01	1513	641	0,42	
GWSS_E_00187_SE_01	2686	1172	0,44	
GWSS_E_00188_SE_01	3811	1561	0,41	
GWSS_E_00189_SE_01	3513	1357	0,39	
GWSS_E_00190_SE_01	3656	1347	0,37	
GWSS_E_00191_SE_01	3472	1332	0,38	
GWSS_E_00192_SE_01	3952	1299	0,33	
GWSS_E_00193_SE_01	3827	1361	0,36	
GWSS_E_00194_SE_01	2572	1072	0,42	
GWSS_E_00195_SE_01	2607	1131	0,43	
GWSS_E_00196_SE_01	2467	971	0,39	
GWSS_E_00197_SE_01	3554	1348	0,38	
GWSS_E_00198_SE_01	2631	980	0,37	
GWSS_E_00199_SE_01	3644	1426	0,39	
GWSS_E_00200_SE_01	3688	1246	0,34	
GWSS_E_00201_SE_01	2582	949	0,37	
GWSS_E_00202_SE_01	2938	1080	0,37	
GWSS_E_00203_SE_01	2666	1040	0,39	
GWSS_E_00204_SE_01	3741	1563	0,42	
GWSS_E_00205_SE_01	3704	1482	0,40	
GWSS_E_00206_SE_01	3066	1133	0,37	
GWSS_E_00207_SE_01	2499	1016	0,41	
GWSS_E_00208_SE_01	887	361	0,41	
GWSS_E_00209_SE_01	2176	843	0,39	
GWSS_E_00210_SE_01	736	295	0,40	
GWSS_E_00211_SE_01	2181	803	0,37	
GWSS_E_00212_SE_01	4168	1566	0,38	
GWSS_E_00213_SE_01	1372	545	0,40	
GWSS_E_00214_SE_01	855	299	0,35	
GWSS_E_00215_SE_01	825	383	0,46	
GWSS_E_00216_SE_01	1269	490	0,39	
GWSS_E_00217_SE_01	1233	420	0,34	
GWSS_E_00218_SE_01	895	408	0,46	
GWSS_E_00219_SE_01	878	392	0,45	
GWSS_E_00220_SE_01	1548	654	0,42	
GWSS_E_00221_SE_01	613	215	0,35	
GWSS_E_00222_SE_01	966	394	0,41	
GWSS_E_00223_SE_01	688	262	0,38	
GWSS_E_00224_SE_01	457	175	0,38	
GWSS_E_00225_SE_01	3074	1211	0,39	
GWSS_E_00226_SE_01	2887	1164	0,40	
GWSS_E_00227_SE_01	3482	1343	0,39	
GWSS_E_00228_SE_01	3381	1350	0,40	
GWSS_E_00229_SE_01	4156	1648	0,40	
GWSS_E_00230_SE_01	4932	1892	0,38	
GWSS_E_00231_SE_01	4773	2126	0,45	
GWSS_E_00232_SE_01	4466	1986	0,44	
GWSS_E_00233_SE_01	2521	1316	0,52	
GWSS_E_00234_SE_01	3303	1716	0,52	
GWSS_E_00235_SE_01	4779	1792	0,37	
GWSS_E_00236_SE_01	6213	2820	0,45	
GWSS_E_00237_SE_01	5564	2491	0,45	
GWSS_E_00238_SE_01	3941	1808	0,46	
GWSS_E_00239_SE_01	3270	1467	0,45	
GWSS_E_00240_SE_01	2918	1292	0,44	
GWSS_E_00241_SE_01	2983	1097	0,37	
GWSS_E_00242_SE_01	4912	2105	0,43	
GWSS_E_00243_SE_01	2714	960	0,35	
GWSS_E_00244_SE_01	3624	1432	0,40	
GWSS_E_00245_SE_01	3028	1204	0,40	
GWSS_E_00246_SE_01	5509	2206	0,40	
GWSS_E_00247_SE_01	3509	1348	0,38	
GWSS_E_00248_SE_01	4352	1626	0,37	
GWSS_E_00300_SE_01	863	421	0,49	
GWSS_E_00300_SE_02	809	361	0,45	
GWSS_E_00301_SE_01	804	348	0,43	
GWSS_E_00301_SE_02	593	241	0,41	
GWSS_E_00302_SE_01	1044	502	0,48	
GWSS_E_00302_SE_02	432	162	0,38	
GWSS_E_00303_SE_01	582	252	0,43	
GWSS_E_00303_SE_02	317	121	0,38	
GWSS_E_00304_SE_01	999	437	0,44	
GWSS_E_00304_SE_02	2027	957	0,47	
GWSS_E_00305_SE_01	662	297	0,45	
GWSS_E_00305_SE_02	174	68	0,39	
GWSS_E_00306_SE_01	745	388	0,52	
GWSS_E_00306_SE_02	1275	525	0,41	
GWSS_E_00307_SE_01	566	263	0,46	
GWSS_E_00307_SE_02	684	297	0,43	
GWSS_E_00308_SE_01	443	212	0,48	
GWSS_E_00308_SE_02	1603	667	0,42	
GWSS_E_00309_SE_01	732	376	0,51	
GWSS_E_00309_SE_02	1516	626	0,41	
GWSS_E_00310_SE_01	805	372	0,46	
GWSS_E_00310_SE_02	693	281	0,41	
GWSS_E_00311_SE_01	1117	494	0,44	
GWSS_E_00311_SE_02	259	100	0,39	
GWSS_E_00312_SE_01	626	247	0,39	
GWSS_E_00312_SE_02	832	315	0,38	
GWSS_E_00313_SE_01	506	262	0,52	
GWSS_E_00313_SE_02	836	375	0,45	
GWSS_E_00314_SE_01	541	236	0,44	
GWSS_E_00314_SE_02	580	252	0,43	
GWSS_E_00315_SE_01	514	242	0,47	
GWSS_E_00315_SE_02	1024	439	0,43	
GWSS_E_00316_SE_01	664	314	0,47	
GWSS_E_00316_SE_02	540	272	0,50	
GWSS_E_00317_SE_01	729	374	0,51	
GWSS_E_00317_SE_02	406	145	0,36	
GWSS_E_00318_SE_01	458	215	0,47	
GWSS_E_00318_SE_02	1413	591	0,42	
