Speech Event	PRELS‰	PDAT‰	ART-ADJ-NN‰	APPR-ART-ADJ-NN‰
FOLK_E_00001_SE_01	1,87	3,44	3,87	0,57	
FOLK_E_00002_SE_01	0,99	0,66	3,95	0,66	
FOLK_E_00003_SE_01	2,75	6,99	8,98	2,99	
FOLK_E_00004_SE_01	4,04	3,44	5,86	1,52	
FOLK_E_00005_SE_01	1,92	1,33	5,46	1,77	
FOLK_E_00006_SE_01	2,02	3,48	8,98	2,93	
FOLK_E_00007_SE_01	3,02	3,54	5,73	1,56	
FOLK_E_00008_SE_01	2,52	4,09	8,35	1,57	
FOLK_E_00009_SE_01	1,62	3,85	4,46	1,22	
FOLK_E_00010_SE_01	0,36	0,36	4,37	0,55	
FOLK_E_00011_SE_01	1,11	0,29	2,60	1,15	
FOLK_E_00012_SE_01	0,97	1,36	1,17	0,00	
FOLK_E_00013_SE_01	1,46	0,73	7,30	2,68	
FOLK_E_00014_SE_01	1,41	0,57	6,78	2,26	
FOLK_E_00015_SE_01	4,41	10,83	4,28	1,89	
FOLK_E_00016_SE_01	1,10	0,88	20,00	3,08	
FOLK_E_00017_SE_01	1,83	0,00	8,56	1,83	
FOLK_E_00018_SE_01	3,03	2,10	5,36	0,93	
FOLK_E_00020_SE_01	0,93	0,70	2,33	0,70	
FOLK_E_00021_SE_01	1,60	1,03	3,30	0,64	
FOLK_E_00022_SE_01	3,08	2,12	2,98	0,61	
FOLK_E_00024_SE_01	3,14	1,20	2,84	1,05	
FOLK_E_00026_SE_01	2,97	2,13	3,91	1,13	
FOLK_E_00027_SE_01	4,49	3,27	5,31	0,41	
FOLK_E_00028_SE_01	6,03	5,82	9,91	3,23	
FOLK_E_00029_SE_01	6,02	3,01	8,53	1,51	
FOLK_E_00030_SE_01	1,85	1,75	2,43	0,29	
FOLK_E_00031_SE_01	4,32	1,96	5,50	0,39	
FOLK_E_00032_SE_01	7,05	3,78	13,86	4,79	
FOLK_E_00033_SE_01	4,17	5,76	11,71	2,58	
FOLK_E_00034_SE_01	3,53	5,07	8,60	3,75	
FOLK_E_00035_SE_01	4,71	8,08	8,76	3,59	
FOLK_E_00036_SE_01	3,64	6,43	9,86	4,71	
FOLK_E_00037_SE_01	2,89	2,31	9,26	2,60	
FOLK_E_00038_SE_01	5,11	3,91	8,42	5,71	
FOLK_E_00039_SE_01	2,91	1,21	6,30	0,97	
FOLK_E_00040_SE_01	1,04	0,46	3,57	0,46	
FOLK_E_00042_SE_01	3,73	2,53	4,05	0,95	
FOLK_E_00043_SE_01	1,67	4,58	7,08	1,25	
FOLK_E_00044_SE_01	9,96	3,03	4,62	1,01	
FOLK_E_00045_SE_01	1,72	1,90	2,24	0,34	
FOLK_E_00046_SE_01	2,43	1,28	4,08	1,79	
FOLK_E_00047_SE_01	2,45	2,56	5,68	1,00	
FOLK_E_00048_SE_01	2,85	2,93	4,39	0,65	
FOLK_E_00049_SE_01	1,42	1,89	3,93	0,94	
FOLK_E_00050_SE_01	3,13	2,24	6,71	1,79	
FOLK_E_00052_SE_01	2,40	5,27	5,27	2,64	
FOLK_E_00053_SE_01	2,47	4,94	4,32	0,31	
FOLK_E_00055_SE_01	3,04	2,35	4,11	1,04	
FOLK_E_00056_SE_01	6,91	4,04	10,28	1,85	
FOLK_E_00057_SE_01	7,94	6,50	9,92	3,20	
FOLK_E_00058_SE_01	4,17	13,44	8,04	2,44	
FOLK_E_00059_SE_01	5,95	11,27	7,06	3,22	
FOLK_E_00060_SE_01	8,69	15,13	9,39	2,26	
FOLK_E_00061_SE_01	5,93	14,32	8,80	2,46	
FOLK_E_00062_SE_01	6,50	17,25	10,08	5,38	
FOLK_E_00064_SE_01	6,98	9,83	9,12	3,49	
FOLK_E_00066_SE_01	3,08	2,67	4,70	1,09	
FOLK_E_00068_SE_01	6,57	7,75	10,33	3,92	
FOLK_E_00069_SE_01	6,20	9,15	7,82	3,46	
FOLK_E_00070_SE_01	7,65	9,70	9,30	3,46	
FOLK_E_00074_SE_01	3,36	1,51	2,86	1,51	
FOLK_E_00076_SE_01	6,96	1,99	10,93	0,99	
FOLK_E_00077_SE_01	1,52	1,02	5,84	2,03	
FOLK_E_00079_SE_01	5,29	4,78	5,04	1,51	
FOLK_E_00080_SE_01	2,10	6,31	1,26	0,42	
FOLK_E_00081_SE_01	11,19	1,87	1,87	1,87	
FOLK_E_00082_SE_01	2,47	3,01	1,50	1,29	
FOLK_E_00083_SE_01	1,50	4,32	10,89	4,13	
FOLK_E_00084_SE_01	2,87	4,16	3,00	0,41	
FOLK_E_00085_SE_01	4,36	5,81	4,36	0,00	
FOLK_E_00086_SE_01	0,74	3,35	7,82	4,10	
FOLK_E_00087_SE_01	1,05	2,10	7,86	1,05	
FOLK_E_00088_SE_01	3,93	7,85	2,29	0,65	
FOLK_E_00089_SE_01	2,55	8,27	2,55	1,91	
FOLK_E_00090_SE_01	2,11	5,98	3,87	1,41	
FOLK_E_00091_SE_01	1,40	6,64	9,43	3,84	
FOLK_E_00092_SE_01	3,00	13,21	2,40	1,20	
FOLK_E_00093_SE_01	2,42	4,85	11,08	5,89	
FOLK_E_00094_SE_01	1,64	3,28	7,22	4,92	
FOLK_E_00095_SE_01	1,12	2,62	10,47	4,49	
FOLK_E_00096_SE_01	0,00	3,86	4,83	3,86	
FOLK_E_00097_SE_01	0,00	2,92	7,59	6,42	
FOLK_E_00098_SE_01	0,74	2,96	5,18	5,18	
FOLK_E_00099_SE_01	1,99	4,31	8,28	1,99	
FOLK_E_00100_SE_01	2,82	7,21	14,41	2,51	
FOLK_E_00101_SE_01	2,48	7,75	10,24	3,10	
FOLK_E_00102_SE_01	0,00	11,73	5,52	3,45	
FOLK_E_00103_SE_01	1,15	1,84	7,59	8,52	
FOLK_E_00104_SE_01	0,00	5,06	0,72	0,00	
FOLK_E_00105_SE_01	3,18	2,78	12,50	5,76	
FOLK_E_00106_SE_01	0,53	4,21	6,31	2,63	
FOLK_E_00107_SE_01	0,88	1,75	5,26	1,75	
FOLK_E_00108_SE_01	5,04	5,04	5,49	0,92	
FOLK_E_00109_SE_01	0,00	3,90	8,44	3,25	
FOLK_E_00110_SE_01	3,16	16,73	12,31	3,16	
FOLK_E_00111_SE_01	0,80	3,62	7,23	1,61	
FOLK_E_00112_SE_01	1,49	1,98	3,47	0,50	
FOLK_E_00113_SE_01	0,75	0,00	1,49	0,00	
FOLK_E_00114_SE_01	1,73	2,27	4,64	1,62	
FOLK_E_00115_SE_01	1,52	4,05	4,81	2,53	
FOLK_E_00116_SE_01	0,00	4,03	6,05	0,00	
FOLK_E_00117_SE_01	1,79	1,79	7,17	1,79	
FOLK_E_00118_SE_01	3,48	1,74	4,83	1,55	
FOLK_E_00119_SE_01	2,22	2,96	2,96	0,30	
FOLK_E_00120_SE_01	4,75	5,16	4,95	0,41	
FOLK_E_00121_SE_01	5,30	6,50	5,90	2,05	
FOLK_E_00123_SE_01	2,49	7,87	8,29	2,07	
FOLK_E_00124_SE_01	3,07	1,92	9,99	1,15	
FOLK_E_00125_SE_01	3,67	4,19	9,95	2,49	
FOLK_E_00126_SE_01	7,25	9,81	12,56	5,51	
FOLK_E_00127_SE_01	1,76	4,69	6,46	1,17	
FOLK_E_00128_SE_01	2,65	1,10	5,12	2,19	
FOLK_E_00129_SE_01	4,05	2,26	4,65	2,14	
FOLK_E_00130_SE_01	2,25	3,09	6,47	2,25	
FOLK_E_00132_SE_01	2,78	2,91	5,04	0,92	
FOLK_E_00133_SE_01	0,96	1,15	3,46	0,19	
FOLK_E_00134_SE_01	0,34	0,00	2,40	0,34	
FOLK_E_00135_SE_01	0,00	0,00	1,46	0,00	
FOLK_E_00136_SE_01	1,85	0,46	2,77	2,31	
FOLK_E_00137_SE_01	0,00	0,00	1,68	0,00	
FOLK_E_00138_SE_01	0,00	0,45	3,56	1,78	
FOLK_E_00139_SE_01	0,98	1,95	1,95	0,98	
FOLK_E_00140_SE_01	0,85	0,00	2,12	0,42	
FOLK_E_00141_SE_01	0,93	0,00	2,80	0,93	
FOLK_E_00142_SE_01	0,71	1,42	4,97	0,00	
FOLK_E_00143_SE_01	2,80	0,27	2,80	0,61	
FOLK_E_00144_SE_01	4,17	7,18	4,51	1,84	
FOLK_E_00146_SE_01	3,14	3,64	6,45	2,15	
FOLK_E_00147_SE_01	3,43	1,12	3,71	0,42	
FOLK_E_00148_SE_01	2,79	2,25	2,43	0,45	
FOLK_E_00150_SE_01	3,47	1,49	6,44	1,98	
FOLK_E_00151_SE_01	0,89	0,00	2,68	0,89	
FOLK_E_00152_SE_01	1,71	3,66	1,30	0,33	
FOLK_E_00153_SE_01	0,00	0,00	0,00	0,00	
FOLK_E_00154_SE_01	0,00	0,00	0,00	0,00	
FOLK_E_00155_SE_01	0,00	0,00	0,00	0,00	
FOLK_E_00156_SE_01	1,65	4,12	6,60	1,65	
FOLK_E_00157_SE_01	4,20	7,09	1,74	0,43	
FOLK_E_00158_SE_01	3,95	7,91	3,95	3,95	
FOLK_E_00159_SE_01	0,00	0,00	0,00	0,00	
FOLK_E_00160_SE_01	0,46	3,34	2,13	0,46	
FOLK_E_00161_SE_01	2,20	1,62	2,72	1,10	
FOLK_E_00162_SE_01	2,84	2,84	9,24	3,05	
FOLK_E_00163_SE_01	3,34	0,84	7,31	4,18	
FOLK_E_00165_SE_01	3,95	1,98	8,42	3,12	
FOLK_E_00166_SE_01	2,71	1,26	7,94	3,25	
FOLK_E_00167_SE_01	0,80	2,25	4,34	1,93	
FOLK_E_00168_SE_01	1,32	3,95	4,54	1,32	
FOLK_E_00169_SE_01	2,38	3,06	6,80	2,55	
FOLK_E_00171_SE_01	2,13	2,13	4,76	2,46	
FOLK_E_00172_SE_01	0,48	1,93	6,75	2,89	
FOLK_E_00173_SE_01	3,88	4,14	5,92	1,84	
FOLK_E_00174_SE_01	5,30	4,90	5,30	1,52	
FOLK_E_00175_SE_01	3,27	0,73	3,45	0,36	
FOLK_E_00176_SE_01	2,63	2,17	3,71	2,17	
FOLK_E_00177_SE_01	6,75	2,49	3,37	0,29	
FOLK_E_00178_SE_01	8,97	5,47	5,05	1,54	
FOLK_E_00179_SE_01	3,45	2,88	3,45	1,50	
FOLK_E_00180_SE_01	4,59	3,49	4,37	0,66	
FOLK_E_00181_SE_01	4,30	3,67	4,81	1,65	
FOLK_E_00182_SE_01	6,01	2,67	7,01	3,23	
FOLK_E_00183_SE_01	4,42	1,53	3,74	1,53	
FOLK_E_00184_SE_01	4,50	2,06	4,24	2,44	
FOLK_E_00185_SE_01	4,59	1,19	4,74	1,19	
FOLK_E_00186_SE_01	4,97	2,48	3,06	0,57	
FOLK_E_00187_SE_01	5,44	0,91	4,54	1,59	
FOLK_E_00188_SE_01	0,00	5,35	7,13	4,16	
FOLK_E_00189_SE_01	3,57	5,67	12,59	5,04	
FOLK_E_00190_SE_01	3,32	3,87	6,36	2,49	
FOLK_E_00191_SE_01	5,30	8,08	7,15	1,18	
FOLK_E_00193_SE_01	3,30	6,03	3,58	1,51	
FOLK_E_00194_SE_01	2,27	0,65	4,53	1,30	
FOLK_E_00197_SE_01	3,59	5,98	5,38	0,60	
FOLK_E_00198_SE_01	1,38	9,22	7,83	0,46	
FOLK_E_00201_SE_01	2,72	4,40	5,10	1,74	
FOLK_E_00202_SE_01	4,07	1,40	3,56	0,57	
FOLK_E_00203_SE_01	1,66	2,64	3,52	0,98	
FOLK_E_00204_SE_01	2,50	1,81	6,12	1,25	
FOLK_E_00206_SE_01	7,92	10,87	7,13	2,38	
FOLK_E_00207_SE_01	1,38	5,30	6,22	0,69	
FOLK_E_00208_SE_01	3,80	4,13	3,80	0,83	
FOLK_E_00209_SE_01	3,13	3,13	0,31	0,63	
FOLK_E_00210_SE_01	6,34	8,62	15,26	5,42	
FOLK_E_00211_SE_01	5,67	4,26	7,09	4,26	
FOLK_E_00212_SE_01	0,00	0,00	0,00	0,00	
FOLK_E_00213_SE_01	2,23	5,10	7,33	2,23	
FOLK_E_00214_SE_01	9,50	7,13	2,38	0,00	
FOLK_E_00215_SE_01	5,14	3,86	3,86	0,00	
FOLK_E_00216_SE_01	8,61	7,17	8,61	2,87	
FOLK_E_00217_SE_01	2,11	2,50	4,79	1,36	
FOLK_E_00218_SE_01	2,27	1,32	4,92	1,32	
FOLK_E_00219_SE_01	7,66	12,51	4,85	1,53	
FOLK_E_00220_SE_01	3,26	4,29	5,32	1,63	
FOLK_E_00221_SE_01	2,94	2,65	4,71	1,47	
FOLK_E_00223_SE_01	5,99	0,00	17,96	0,00	
FOLK_E_00224_SE_01	3,45	5,17	2,58	0,86	
FOLK_E_00225_SE_01	2,92	2,02	3,82	1,01	
FOLK_E_00226_SE_01	4,08	5,05	5,22	1,30	
FOLK_E_00227_SE_01	3,19	2,28	4,26	0,00	
FOLK_E_00228_SE_01	3,00	0,48	5,03	0,77	
FOLK_E_00229_SE_01	0,00	0,00	7,25	0,00	
FOLK_E_00230_SE_01	0,00	0,00	0,00	0,00	
FOLK_E_00231_SE_01	14,93	0,00	0,00	0,00	
FOLK_E_00235_SE_01	5,95	8,93	14,88	5,95	
FOLK_E_00237_SE_01	5,62	0,00	16,85	0,00	
FOLK_E_00238_SE_01	4,35	0,00	8,70	0,00	
FOLK_E_00239_SE_01	0,00	0,00	0,00	0,00	
FOLK_E_00243_SE_01	8,68	8,17	3,57	0,51	
FOLK_E_00246_SE_01	3,12	7,01	2,34	0,00	
FOLK_E_00248_SE_01	7,06	8,71	6,71	1,65	
FOLK_E_00250_SE_01	7,27	5,84	6,61	2,09	
FOLK_E_00251_SE_01	2,50	0,45	3,41	0,68	
FOLK_E_00252_SE_01	0,75	0,75	3,77	1,13	
FOLK_E_00253_SE_01	1,11	0,14	3,18	0,55	
FOLK_E_00254_SE_01	3,85	3,58	5,13	1,71	
FOLK_E_00255_SE_01	3,51	3,21	3,45	1,03	
FOLK_E_00256_SE_01	2,71	5,91	3,20	0,66	
FOLK_E_00257_SE_01	4,66	2,62	3,07	1,36	
FOLK_E_00258_SE_01	4,89	8,47	4,56	2,06	
FOLK_E_00259_SE_01	0,00	0,53	2,64	0,00	
FOLK_E_00260_SE_01	2,92	2,66	6,09	1,27	
FOLK_E_00261_SE_01	6,39	5,11	5,37	1,15	
FOLK_E_00262_SE_01	6,47	3,88	7,34	2,59	
FOLK_E_00263_SE_01	5,46	2,43	8,09	3,64	
FOLK_E_00264_SE_01	3,50	1,17	5,84	0,00	
FOLK_E_00265_SE_01	1,88	2,22	4,44	0,94	
FOLK_E_00266_SE_01	2,24	2,67	4,39	1,21	
FOLK_E_00267_SE_01	1,79	3,64	2,32	0,63	
FOLK_E_00268_SE_01	3,47	2,11	3,77	0,90	
FOLK_E_00269_SE_01	3,83	6,16	2,55	1,06	
FOLK_E_00270_SE_01	2,22	0,89	1,77	0,00	
FOLK_E_00271_SE_01	2,07	2,40	3,71	0,87	
FOLK_E_00272_SE_01	3,39	2,35	4,70	0,78	
FOLK_E_00273_SE_01	3,42	3,35	4,14	1,49	
FOLK_E_00274_SE_01	2,41	6,95	3,15	0,56	
FOLK_E_00285_SE_01	1,00	1,44	2,07	0,44	
FOLK_E_00286_SE_01	1,36	4,88	1,09	0,00	
FOLK_E_00287_SE_01	4,51	2,74	3,60	0,67	
FOLK_E_00288_SE_01	2,75	4,42	5,51	0,90	
FOLK_E_00289_SE_01	5,00	0,00	3,34	1,11	
FOLK_E_00290_SE_01	2,23	1,43	3,78	1,03	
FOLK_E_00291_SE_01	1,88	3,20	3,20	0,75	
FOLK_E_00292_SE_01	3,15	0,63	5,35	2,20	
FOLK_E_00293_SE_01	3,42	1,24	4,45	0,44	
FOLK_E_00294_SE_01	2,01	0,21	2,22	0,53	
FOLK_E_00295_SE_01	4,24	1,97	3,48	1,06	
FOLK_E_00296_SE_01	6,76	15,15	4,81	1,33	
FOLK_E_00298_SE_01	0,00	0,00	2,75	0,00	
FOLK_E_00299_SE_01	3,48	2,32	3,48	1,16	
FOLK_E_00300_SE_01	1,29	1,81	2,33	0,26	
FOLK_E_00301_SE_01	2,46	5,25	4,18	1,39	
FOLK_E_00302_SE_01	4,68	1,87	3,75	2,81	
FOLK_E_00303_SE_01	3,83	5,50	3,93	1,77	
FOLK_E_00304_SE_01	2,04	2,04	0,00	0,00	
FOLK_E_00305_SE_01	0,00	0,00	0,00	0,00	
FOLK_E_00308_SE_01	1,45	1,45	3,71	0,82	
FOLK_E_00309_SE_01	1,47	0,92	0,92	0,37	
FOLK_E_00313_SE_01	7,45	10,68	7,16	1,47	
FOLK_E_00318_SE_01	2,43	2,12	3,64	1,82	
FOLK_E_00319_SE_01	1,56	0,78	4,49	0,98	
FOLK_E_00321_SE_01	2,00	1,38	4,53	0,77	
FOLK_E_00322_SE_01	1,83	1,93	2,64	0,51	
FOLK_E_00323_SE_01	1,26	1,26	5,04	1,26	
FOLK_E_00324_SE_01	4,00	2,67	0,00	4,00	
FOLK_E_00325_SE_01	3,55	1,37	3,16	0,91	
FOLK_E_00327_SE_01	1,57	1,57	3,93	0,94	
FOLK_E_00329_SE_01	2,26	3,41	3,20	0,68	
FOLK_E_00330_SE_01	5,28	4,53	7,65	2,33	
FOLK_E_00331_SE_01	2,01	3,75	3,49	0,79	
FOLK_E_00332_SE_01	2,26	0,00	2,26	0,56	
FOLK_E_00333_SE_01	2,14	1,36	4,46	0,58	
FOLK_E_00334_SE_01	3,57	2,67	8,91	3,12	
FOLK_E_00335_SE_01	1,07	0,78	3,79	0,78	
FOLK_E_00337_SE_01	8,44	6,98	9,48	3,65	
FOLK_E_00338_SE_01	4,80	6,36	11,26	4,07	
FOLK_E_00339_SE_01	4,77	2,86	6,12	2,08	
FOLK_E_00340_SE_01	3,67	0,76	3,77	1,34	
FOLK_E_00342_SE_01	1,93	1,06	2,99	0,77	
FOLK_E_00343_SE_01	3,58	2,79	5,17	1,99	
FOLK_E_00344_SE_01	2,22	3,63	5,15	1,52	
FOLK_E_00345_SE_01	0,00	0,00	1,61	1,61	
FOLK_E_00346_SE_01	2,70	2,70	2,78	0,84	
FOLK_E_00347_SE_01	3,08	1,92	3,66	0,38	
FOLK_E_00348_SE_01	3,90	4,25	4,39	0,70	
FOLK_E_00349_SE_01	3,02	4,57	4,57	1,72	
FOLK_E_00350_SE_01	3,69	4,89	3,69	1,76	
FOLK_E_00351_SE_01	4,79	3,14	3,39	1,07	
FOLK_E_00352_SE_01	4,44	3,59	4,96	2,22	
FOLK_E_00353_SE_01	3,21	4,55	2,81	0,27	
FOLK_E_00354_SE_01	1,41	1,25	4,39	1,57	
FOLK_E_00355_SE_01	3,82	2,22	6,53	1,35	
FOLK_E_00356_SE_01	2,04	0,93	4,63	0,93	
FOLK_E_00357_SE_01	2,18	1,04	3,13	0,57	
FOLK_E_00359_SE_01	1,05	4,46	2,62	0,26	
FOLK_E_00360_SE_01	1,35	1,01	4,38	1,01	
FOLK_E_00361_SE_01	8,82	7,01	10,39	3,30	
FOLK_E_00362_SE_01	1,50	7,52	1,50	0,00	
FOLK_E_00363_SE_01	2,75	7,34	6,42	0,92	
FOLK_E_00364_SE_01	0,00	3,05	2,28	0,76	
FOLK_E_00365_SE_01	2,87	5,38	2,51	0,72	
FOLK_E_00366_SE_01	0,00	0,00	0,00	0,00	
FOLK_E_00367_SE_01	0,00	0,00	0,00	0,00	
FOLK_E_00368_SE_01	3,19	6,39	12,78	6,39	
FOLK_E_00370_SE_01	2,26	3,16	2,48	0,68	
FOLK_E_00371_SE_01	2,61	6,27	2,61	0,52	
