Speech Event	PRELS‰	PDAT‰	ART-ADJ-NN‰	APPR-ART-ADJ-NN‰
GWSS_E_00001_SE_01	3,27	7,04	9,31	4,03	
GWSS_E_00002_SE_01	7,33	4,26	10,73	2,22	
GWSS_E_00003_SE_01	6,72	5,63	9,75	3,25	
GWSS_E_00004_SE_01	8,66	3,06	7,64	1,53	
GWSS_E_00005_SE_01	3,98	1,59	5,18	0,00	
GWSS_E_00006_SE_01	4,54	10,85	5,17	2,15	
GWSS_E_00007_SE_01	8,32	6,66	10,88	3,88	
GWSS_E_00008_SE_01	4,21	4,87	8,86	3,98	
GWSS_E_00009_SE_01	6,81	3,78	13,87	4,54	
GWSS_E_00010_SE_01	4,41	5,81	10,82	2,60	
GWSS_E_00011_SE_01	3,51	2,34	10,84	3,22	
GWSS_E_00012_SE_01	5,44	3,63	9,37	6,05	
GWSS_E_00013_SE_01	4,31	6,46	8,40	4,31	
GWSS_E_00014_SE_01	4,75	8,14	9,28	3,85	
GWSS_E_00015_SE_01	5,03	12,84	7,29	2,36	
GWSS_E_00016_SE_01	6,37	11,12	6,87	3,00	
GWSS_E_00017_SE_01	8,92	15,04	9,62	2,97	
GWSS_E_00018_SE_01	5,37	13,84	8,47	2,68	
GWSS_E_00019_SE_01	6,99	17,37	11,05	5,87	
GWSS_E_00020_SE_01	11,72	8,88	14,03	5,15	
GWSS_E_00021_SE_01	8,90	15,23	16,95	7,70	
GWSS_E_00022_SE_01	7,39	5,39	5,85	2,93	
GWSS_E_00023_SE_01	4,95	7,49	12,97	5,88	
GWSS_E_00024_SE_01	8,66	14,02	6,32	2,06	
GWSS_E_00025_SE_01	10,86	10,25	11,76	5,28	
GWSS_E_00026_SE_01	10,60	14,58	14,58	5,30	
GWSS_E_00027_SE_01	8,16	8,51	11,12	4,86	
GWSS_E_00028_SE_01	8,15	9,15	13,48	4,99	
GWSS_E_00029_SE_01	5,00	11,00	8,14	3,71	
GWSS_E_00030_SE_01	7,26	14,36	11,62	4,84	
GWSS_E_00031_SE_01	7,23	10,91	12,61	4,96	
GWSS_E_00032_SE_01	2,71	6,50	9,21	3,61	
GWSS_E_00033_SE_01	7,46	14,59	14,43	6,32	
GWSS_E_00034_SE_01	7,02	18,28	7,34	2,28	
GWSS_E_00035_SE_01	7,40	6,05	8,75	4,37	
GWSS_E_00036_SE_01	8,21	4,79	10,26	3,08	
GWSS_E_00040_SE_01	5,21	6,07	10,12	2,89	
GWSS_E_00041_SE_01	6,79	7,96	11,71	3,05	
GWSS_E_00042_SE_01	8,20	2,85	9,63	2,50	
GWSS_E_00047_SE_01	3,44	4,21	6,51	1,91	
GWSS_E_00050_SE_01	9,31	6,21	10,35	4,66	
GWSS_E_00051_SE_01	5,07	10,89	5,07	2,06	
GWSS_E_00052_SE_01	6,26	9,13	11,22	4,43	
GWSS_E_00053_SE_01	3,26	3,26	12,31	4,71	
GWSS_E_00054_SE_01	5,68	14,57	9,80	4,67	
GWSS_E_00055_SE_01	5,07	14,08	13,24	4,51	
GWSS_E_00056_SE_01	6,16	6,16	6,16	2,47	
GWSS_E_00057_SE_01	6,53	11,07	10,51	5,39	
GWSS_E_00058_SE_01	4,24	10,10	6,00	2,34	
GWSS_E_00059_SE_01	6,39	7,50	7,94	3,53	
GWSS_E_00060_SE_01	10,90	8,06	6,87	2,09	
GWSS_E_00061_SE_01	5,30	7,87	13,49	3,37	
GWSS_E_00062_SE_01	1,96	5,55	4,90	0,98	
GWSS_E_00063_SE_01	5,17	11,78	8,33	2,87	
GWSS_E_00064_SE_01	6,07	11,65	12,13	5,58	
GWSS_E_00065_SE_01	4,20	7,17	4,70	1,98	
GWSS_E_00066_SE_01	3,31	6,32	5,12	0,90	
GWSS_E_00067_SE_01	5,13	11,06	11,85	3,55	
GWSS_E_00069_SE_01	2,81	6,73	7,30	2,81	
GWSS_E_00070_SE_01	2,63	4,39	3,51	0,00	
GWSS_E_00071_SE_01	1,88	4,52	4,52	1,13	
GWSS_E_00072_SE_01	4,89	7,34	4,89	0,00	
GWSS_E_00073_SE_01	4,22	6,33	2,95	0,42	
GWSS_E_00074_SE_01	5,31	5,72	6,53	1,22	
GWSS_E_00075_SE_01	6,45	5,26	9,56	3,82	
GWSS_E_00076_SE_01	7,18	8,08	9,54	2,24	
GWSS_E_00077_SE_01	5,20	12,71	4,91	0,87	
GWSS_E_00078_SE_01	5,22	10,74	4,35	0,29	
GWSS_E_00079_SE_01	4,83	6,33	11,46	3,92	
GWSS_E_00080_SE_01	7,32	3,21	8,73	2,05	
GWSS_E_00081_SE_01	6,25	15,49	7,16	1,56	
GWSS_E_00082_SE_01	7,69	5,33	7,89	0,79	
GWSS_E_00083_SE_01	3,87	6,58	4,64	1,16	
GWSS_E_00084_SE_01	7,39	10,65	7,17	2,83	
GWSS_E_00085_SE_01	5,13	5,13	5,13	1,71	
GWSS_E_00086_SE_01	0,00	18,72	0,00	0,00	
GWSS_E_00087_SE_01	2,54	3,81	2,54	1,27	
GWSS_E_00088_SE_01	4,44	4,44	11,83	1,48	
GWSS_E_00089_SE_01	4,41	13,22	4,41	2,20	
GWSS_E_00090_SE_01	7,41	13,90	3,71	0,00	
GWSS_E_00091_SE_01	11,40	6,84	3,42	2,28	
GWSS_E_00092_SE_01	2,30	18,39	9,20	0,00	
GWSS_E_00093_SE_01	8,08	21,00	6,46	1,62	
GWSS_E_00094_SE_01	1,41	14,12	1,41	2,82	
GWSS_E_00095_SE_01	3,32	4,43	15,50	6,64	
GWSS_E_00096_SE_01	9,03	9,03	2,26	2,26	
GWSS_E_00097_SE_01	2,65	21,19	3,97	0,00	
GWSS_E_00098_SE_01	5,64	6,76	1,13	0,00	
GWSS_E_00099_SE_01	1,63	21,21	1,63	0,00	
GWSS_E_00100_SE_01	5,83	7,29	2,92	0,00	
GWSS_E_00101_SE_01	5,31	13,29	7,09	0,89	
GWSS_E_00102_SE_01	5,65	9,04	9,04	0,00	
GWSS_E_00103_SE_01	3,24	12,97	4,86	1,62	
GWSS_E_00104_SE_01	6,49	6,49	6,49	1,62	
GWSS_E_00105_SE_01	13,64	15,91	9,09	6,82	
GWSS_E_00106_SE_01	7,97	9,11	6,83	2,28	
GWSS_E_00107_SE_01	11,32	0,87	8,71	0,87	
GWSS_E_00108_SE_01	4,50	11,26	6,76	2,25	
GWSS_E_00109_SE_01	7,56	18,90	3,78	0,00	
GWSS_E_00110_SE_01	17,73	14,18	8,87	5,32	
GWSS_E_00111_SE_01	1,50	9,01	1,50	0,00	
GWSS_E_00112_SE_01	0,00	0,00	5,15	7,73	
GWSS_E_00113_SE_01	7,26	8,71	2,90	1,45	
GWSS_E_00114_SE_01	6,05	8,06	6,05	2,02	
GWSS_E_00115_SE_01	10,79	7,55	4,31	1,08	
GWSS_E_00116_SE_01	3,94	5,91	5,91	1,97	
GWSS_E_00117_SE_01	7,46	0,00	0,00	0,00	
GWSS_E_00118_SE_01	8,50	8,50	7,08	4,25	
GWSS_E_00119_SE_01	5,33	0,00	3,55	0,00	
GWSS_E_00120_SE_01	3,13	7,29	8,33	2,08	
GWSS_E_00121_SE_01	0,00	12,90	6,45	0,00	
GWSS_E_00122_SE_01	14,02	7,79	1,56	4,67	
GWSS_E_00123_SE_01	6,69	13,38	0,00	0,00	
GWSS_E_00124_SE_01	7,56	5,67	1,89	1,89	
GWSS_E_00125_SE_01	4,44	4,44	4,44	0,00	
GWSS_E_00126_SE_01	4,05	16,19	5,40	0,00	
GWSS_E_00127_SE_01	1,58	6,33	7,91	1,58	
GWSS_E_00128_SE_01	0,00	9,26	0,00	0,00	
GWSS_E_00129_SE_01	5,93	11,85	1,48	2,96	
GWSS_E_00130_SE_01	6,09	10,65	1,52	0,00	
GWSS_E_00131_SE_01	5,57	22,28	16,71	5,57	
GWSS_E_00132_SE_01	2,36	7,08	0,00	0,00	
GWSS_E_00133_SE_01	7,04	9,39	2,35	0,00	
GWSS_E_00134_SE_01	8,55	14,96	2,14	2,14	
GWSS_E_00135_SE_01	14,13	12,37	12,37	1,77	
GWSS_E_00136_SE_01	3,83	2,55	8,93	2,55	
GWSS_E_00137_SE_01	10,46	10,46	0,00	2,09	
GWSS_E_00138_SE_01	11,86	11,86	7,91	3,95	
GWSS_E_00139_SE_01	6,49	1,62	8,12	3,25	
GWSS_E_00140_SE_01	0,00	18,05	0,00	0,00	
GWSS_E_00141_SE_01	1,86	11,17	1,86	0,00	
GWSS_E_00142_SE_01	0,00	25,58	6,98	0,00	
GWSS_E_00143_SE_01	6,62	23,18	6,62	2,21	
GWSS_E_00144_SE_01	2,62	5,23	4,80	1,74	
GWSS_E_00145_SE_01	5,64	5,01	8,15	2,19	
GWSS_E_00146_SE_01	4,23	10,72	6,77	1,41	
GWSS_E_00147_SE_01	10,34	5,79	4,55	1,24	
GWSS_E_00148_SE_01	4,84	7,57	6,94	2,31	
GWSS_E_00149_SE_01	6,32	10,87	9,10	2,53	
GWSS_E_00150_SE_01	1,76	8,06	7,05	2,52	
GWSS_E_00151_SE_01	1,34	13,91	9,37	1,07	
GWSS_E_00152_SE_01	3,48	13,90	6,95	1,52	
GWSS_E_00153_SE_01	1,91	6,80	9,78	1,70	
GWSS_E_00154_SE_01	7,27	8,04	15,31	7,27	
GWSS_E_00155_SE_01	8,32	10,26	11,93	5,83	
GWSS_E_00156_SE_01	8,52	6,22	16,05	6,22	
GWSS_E_00157_SE_01	5,05	7,47	17,13	5,71	
GWSS_E_00158_SE_01	4,40	9,43	12,25	3,46	
GWSS_E_00159_SE_01	5,64	10,34	24,45	6,58	
GWSS_E_00160_SE_01	5,65	10,78	11,81	7,96	
GWSS_E_00161_SE_01	4,69	12,49	16,66	7,03	
GWSS_E_00162_SE_01	4,56	5,69	9,68	2,85	
GWSS_E_00163_SE_01	5,54	18,94	7,43	5,54	
GWSS_E_00164_SE_01	5,15	6,34	10,30	3,96	
GWSS_E_00165_SE_01	4,18	11,37	15,32	5,11	
GWSS_E_00166_SE_01	2,40	3,60	15,02	4,80	
GWSS_E_00167_SE_01	6,80	6,80	19,34	8,36	
GWSS_E_00168_SE_01	7,39	13,92	23,05	5,22	
GWSS_E_00169_SE_01	3,37	7,30	15,73	6,74	
GWSS_E_00170_SE_01	8,03	5,11	23,36	6,57	
GWSS_E_00171_SE_01	7,57	6,58	31,93	10,86	
GWSS_E_00172_SE_01	3,81	5,72	5,72	2,86	
GWSS_E_00173_SE_01	6,02	4,02	14,06	6,02	
GWSS_E_00174_SE_01	8,17	8,17	16,35	4,09	
GWSS_E_00175_SE_01	5,70	9,00	13,60	5,48	
GWSS_E_00176_SE_01	5,84	16,56	14,29	4,22	
GWSS_E_00177_SE_01	3,83	11,50	21,35	7,66	
GWSS_E_00178_SE_01	6,27	17,63	7,83	2,74	
GWSS_E_00179_SE_01	2,21	6,19	9,73	1,77	
GWSS_E_00180_SE_01	4,61	5,07	11,52	5,53	
GWSS_E_00181_SE_01	2,78	18,98	21,30	9,72	
GWSS_E_00182_SE_01	13,54	4,40	9,81	6,09	
GWSS_E_00183_SE_01	5,94	6,93	6,93	0,50	
GWSS_E_00184_SE_01	5,90	8,53	8,20	1,97	
GWSS_E_00185_SE_01	3,66	13,16	16,45	2,56	
GWSS_E_00186_SE_01	2,65	4,64	16,58	4,64	
GWSS_E_00187_SE_01	6,71	9,70	15,29	5,59	
GWSS_E_00188_SE_01	4,21	6,58	13,41	5,00	
GWSS_E_00189_SE_01	5,41	17,38	13,68	4,27	
GWSS_E_00190_SE_01	4,65	9,03	10,40	2,19	
GWSS_E_00191_SE_01	4,61	4,90	8,36	1,44	
GWSS_E_00192_SE_01	4,82	8,88	6,85	2,54	
GWSS_E_00193_SE_01	5,23	13,09	10,21	2,36	
GWSS_E_00194_SE_01	4,28	8,96	7,01	2,34	
GWSS_E_00195_SE_01	4,99	2,30	10,74	0,77	
GWSS_E_00196_SE_01	7,32	7,32	12,61	3,66	
GWSS_E_00197_SE_01	3,94	5,92	5,63	1,41	
GWSS_E_00198_SE_01	2,28	7,61	9,51	2,66	
GWSS_E_00199_SE_01	4,95	11,82	9,62	3,57	
GWSS_E_00200_SE_01	6,78	10,58	7,87	1,90	
GWSS_E_00201_SE_01	2,33	15,13	10,87	1,55	
GWSS_E_00202_SE_01	7,16	15,01	8,53	1,36	
GWSS_E_00203_SE_01	6,00	8,26	7,13	1,88	
GWSS_E_00204_SE_01	8,57	10,97	5,35	0,54	
GWSS_E_00205_SE_01	7,31	4,06	14,07	1,89	
GWSS_E_00206_SE_01	5,55	5,88	9,47	2,29	
GWSS_E_00207_SE_01	8,02	3,21	8,02	2,41	
GWSS_E_00208_SE_01	3,39	7,92	9,05	0,00	
GWSS_E_00209_SE_01	3,70	4,17	7,87	3,70	
GWSS_E_00210_SE_01	4,10	16,42	15,05	1,37	
GWSS_E_00211_SE_01	6,04	7,43	8,36	3,25	
GWSS_E_00212_SE_01	3,66	2,44	6,82	2,68	
GWSS_E_00213_SE_01	4,42	4,42	8,11	1,47	
GWSS_E_00214_SE_01	4,83	1,21	4,83	2,41	
GWSS_E_00215_SE_01	9,86	7,40	20,96	6,17	
GWSS_E_00216_SE_01	4,74	5,53	6,32	0,79	
GWSS_E_00217_SE_01	1,64	10,66	9,02	2,46	
GWSS_E_00218_SE_01	4,50	4,50	11,25	2,25	
GWSS_E_00219_SE_01	1,14	7,99	20,55	1,14	
GWSS_E_00220_SE_01	4,55	7,16	8,46	2,60	
GWSS_E_00221_SE_01	4,93	1,64	6,58	0,00	
GWSS_E_00222_SE_01	1,08	5,38	11,83	4,30	
GWSS_E_00223_SE_01	1,49	8,92	2,97	0,00	
GWSS_E_00224_SE_01	4,42	17,66	2,21	0,00	
GWSS_E_00225_SE_01	5,24	3,28	5,24	0,98	
GWSS_E_00226_SE_01	3,84	5,58	11,16	2,79	
GWSS_E_00227_SE_01	2,61	6,08	5,50	2,03	
GWSS_E_00228_SE_01	5,05	7,13	4,16	1,19	
GWSS_E_00229_SE_01	2,67	9,96	6,07	0,73	
GWSS_E_00230_SE_01	6,53	7,55	11,64	6,74	
GWSS_E_00231_SE_01	4,84	13,27	19,59	6,11	
GWSS_E_00232_SE_01	3,83	8,57	12,17	4,51	
GWSS_E_00233_SE_01	5,97	7,17	26,28	9,16	
GWSS_E_00234_SE_01	10,64	10,95	17,64	6,08	
GWSS_E_00235_SE_01	4,63	5,89	8,63	2,31	
GWSS_E_00236_SE_01	5,49	11,80	14,22	5,82	
GWSS_E_00237_SE_01	6,32	8,31	9,39	3,97	
GWSS_E_00238_SE_01	6,38	7,40	30,12	8,68	
GWSS_E_00239_SE_01	4,62	9,54	13,54	2,77	
GWSS_E_00240_SE_01	5,84	6,53	14,43	5,15	
GWSS_E_00241_SE_01	9,14	9,14	6,77	2,03	
GWSS_E_00242_SE_01	5,72	5,93	6,75	3,68	
GWSS_E_00243_SE_01	6,31	3,34	11,50	2,23	
GWSS_E_00244_SE_01	6,36	4,43	9,68	3,04	
GWSS_E_00245_SE_01	3,67	11,69	12,35	3,01	
GWSS_E_00246_SE_01	4,20	6,94	13,32	3,65	
GWSS_E_00247_SE_01	6,58	6,30	9,16	2,86	
GWSS_E_00248_SE_01	8,07	10,84	12,22	4,38	
GWSS_E_00300_SE_01	1,16	4,63	10,43	3,48	
GWSS_E_00300_SE_02	3,71	2,48	4,95	0,00	
GWSS_E_00301_SE_01	2,49	1,24	6,22	1,24	
GWSS_E_00301_SE_02	3,37	1,69	5,06	0,00	
GWSS_E_00302_SE_01	4,79	17,24	15,33	2,87	
GWSS_E_00302_SE_02	0,00	2,32	2,32	0,00	
GWSS_E_00303_SE_01	0,00	3,44	8,59	1,72	
GWSS_E_00303_SE_02	0,00	6,35	3,17	0,00	
GWSS_E_00304_SE_01	1,00	3,01	8,02	3,01	
GWSS_E_00304_SE_02	3,46	1,98	5,93	0,49	
GWSS_E_00305_SE_01	4,55	4,55	1,52	0,00	
GWSS_E_00305_SE_02	5,75	0,00	0,00	0,00	
GWSS_E_00306_SE_01	0,00	4,03	5,38	2,69	
GWSS_E_00306_SE_02	3,93	3,15	4,72	1,57	
GWSS_E_00307_SE_01	1,77	10,60	1,77	1,77	
GWSS_E_00307_SE_02	7,36	1,47	5,89	1,47	
GWSS_E_00308_SE_01	0,00	20,36	20,36	4,52	
GWSS_E_00308_SE_02	3,75	1,88	5,63	1,88	
GWSS_E_00309_SE_01	5,46	1,37	12,30	6,83	
GWSS_E_00309_SE_02	3,30	1,32	4,62	2,64	
GWSS_E_00310_SE_01	0,00	2,48	0,00	0,00	
GWSS_E_00310_SE_02	4,34	2,89	11,58	2,89	
GWSS_E_00311_SE_01	5,37	1,79	4,48	0,90	
GWSS_E_00311_SE_02	0,00	0,00	3,89	3,89	
GWSS_E_00312_SE_01	0,00	6,47	4,85	1,62	
GWSS_E_00312_SE_02	10,94	3,65	7,29	4,86	
GWSS_E_00313_SE_01	1,98	1,98	21,74	3,95	
GWSS_E_00313_SE_02	2,40	1,20	6,01	3,61	
GWSS_E_00314_SE_01	1,85	0,00	16,64	9,24	
GWSS_E_00314_SE_02	6,92	0,00	6,92	1,73	
GWSS_E_00315_SE_01	1,95	0,00	1,95	0,00	
GWSS_E_00315_SE_02	0,98	3,91	6,84	0,98	
GWSS_E_00316_SE_01	1,51	6,02	4,52	0,00	
GWSS_E_00316_SE_02	0,00	1,85	0,00	0,00	
GWSS_E_00317_SE_01	2,74	0,00	8,23	1,37	
GWSS_E_00317_SE_02	2,48	0,00	2,48	2,48	
GWSS_E_00318_SE_01	0,00	2,18	6,55	4,37	
GWSS_E_00318_SE_02	3,55	3,55	2,84	0,71	
