Speech Event	T>10	Av. T	NN>10	Av. NN	ADJ>10	Av. ADJ
GWSS_E_00001_SE_01	224	4,72	83	7,98	63	8,73	
GWSS_E_00002_SE_01	444	4,73	199	8,85	157	9,55	
GWSS_E_00003_SE_01	387	4,92	163	9,10	129	10,13	
GWSS_E_00004_SE_01	61	4,36	27	7,54	24	8,51	
GWSS_E_00005_SE_01	108	4,33	56	8,24	35	8,23	
GWSS_E_00006_SE_01	424	4,67	207	8,01	102	8,20	
GWSS_E_00007_SE_01	597	4,76	246	8,48	215	9,51	
GWSS_E_00008_SE_01	379	5,14	164	8,82	142	10,50	
GWSS_E_00009_SE_01	330	5,15	162	9,26	121	10,20	
GWSS_E_00010_SE_01	350	4,99	188	8,70	103	9,37	
GWSS_E_00011_SE_01	363	5,35	174	9,28	100	9,76	
GWSS_E_00012_SE_01	294	5,12	149	9,40	77	9,50	
GWSS_E_00013_SE_01	375	5,12	138	8,16	108	9,79	
GWSS_E_00014_SE_01	333	5,07	160	8,76	106	9,42	
GWSS_E_00015_SE_01	548	4,70	203	7,83	141	8,49	
GWSS_E_00016_SE_01	534	4,70	237	8,13	165	8,89	
GWSS_E_00017_SE_01	347	4,61	173	8,47	96	8,90	
GWSS_E_00018_SE_01	283	4,78	140	7,93	75	8,73	
GWSS_E_00019_SE_01	324	5,02	146	8,25	80	8,93	
GWSS_E_00020_SE_01	627	5,48	312	9,26	177	9,73	
GWSS_E_00021_SE_01	627	5,54	303	8,82	188	9,83	
GWSS_E_00022_SE_01	464	4,91	226	8,95	90	8,86	
GWSS_E_00023_SE_01	776	5,28	415	9,11	192	9,94	
GWSS_E_00024_SE_01	536	5,01	325	9,45	123	9,03	
GWSS_E_00025_SE_01	584	5,25	323	9,10	125	8,91	
GWSS_E_00026_SE_01	746	5,67	450	10,41	180	9,92	
GWSS_E_00027_SE_01	660	5,60	384	9,16	173	9,88	
GWSS_E_00028_SE_01	587	5,38	298	9,11	170	9,83	
GWSS_E_00029_SE_01	466	4,88	237	9,02	98	9,04	
GWSS_E_00030_SE_01	654	5,41	362	9,91	176	10,07	
GWSS_E_00031_SE_01	734	5,32	402	9,64	207	10,12	
GWSS_E_00032_SE_01	373	4,92	183	8,85	97	8,92	
GWSS_E_00033_SE_01	439	5,06	177	7,90	137	9,20	
GWSS_E_00034_SE_01	406	4,91	183	8,60	98	9,02	
GWSS_E_00035_SE_01	243	5,18	151	9,48	43	8,34	
GWSS_E_00036_SE_01	272	5,31	135	9,28	93	9,58	
GWSS_E_00040_SE_01	236	5,11	136	8,92	53	8,41	
GWSS_E_00041_SE_01	281	5,04	134	8,04	78	9,02	
GWSS_E_00042_SE_01	256	5,27	152	9,63	37	8,65	
GWSS_E_00047_SE_01	103	4,73	45	7,57	20	7,36	
GWSS_E_00050_SE_01	205	5,29	125	9,77	40	8,37	
GWSS_E_00051_SE_01	380	5,10	189	8,57	87	8,94	
GWSS_E_00052_SE_01	315	5,04	154	8,52	83	8,81	
GWSS_E_00053_SE_01	207	4,96	108	9,02	47	8,35	
GWSS_E_00054_SE_01	830	5,01	432	8,91	204	8,86	
GWSS_E_00055_SE_01	330	5,34	172	8,57	94	9,66	
GWSS_E_00056_SE_01	392	5,03	217	8,56	65	8,56	
GWSS_E_00057_SE_01	289	5,17	184	9,37	59	9,10	
GWSS_E_00058_SE_01	427	4,92	214	8,24	93	8,89	
GWSS_E_00059_SE_01	263	4,84	137	7,97	54	8,46	
GWSS_E_00060_SE_01	473	5,10	274	9,31	81	8,85	
GWSS_E_00061_SE_01	578	5,27	290	9,08	147	10,55	
GWSS_E_00062_SE_01	166	4,70	77	7,99	39	8,22	
GWSS_E_00063_SE_01	201	4,80	99	8,05	45	8,57	
GWSS_E_00064_SE_01	316	4,95	156	8,37	112	9,51	
GWSS_E_00065_SE_01	210	4,28	77	7,65	77	8,68	
GWSS_E_00066_SE_01	145	4,36	48	7,38	52	8,57	
GWSS_E_00067_SE_01	133	4,57	48	8,17	52	8,11	
GWSS_E_00069_SE_01	65	4,51	24	7,60	24	8,01	
GWSS_E_00070_SE_01	84	4,20	53	7,48	23	7,54	
GWSS_E_00071_SE_01	73	4,33	29	6,98	21	8,19	
GWSS_E_00072_SE_01	59	4,20	19	7,04	25	8,62	
GWSS_E_00073_SE_01	106	4,23	47	7,41	24	7,70	
GWSS_E_00074_SE_01	95	4,38	28	7,19	38	8,76	
GWSS_E_00075_SE_01	258	4,80	106	8,32	72	8,70	
GWSS_E_00076_SE_01	496	4,64	205	7,74	164	8,68	
GWSS_E_00077_SE_01	189	4,91	65	8,07	53	8,71	
GWSS_E_00078_SE_01	125	4,50	49	7,36	24	7,93	
GWSS_E_00079_SE_01	231	4,81	111	8,87	56	8,74	
GWSS_E_00080_SE_01	566	4,90	299	8,88	157	8,95	
GWSS_E_00081_SE_01	305	4,40	114	7,34	121	7,80	
GWSS_E_00082_SE_01	208	4,41	141	7,87	51	8,00	
GWSS_E_00083_SE_01	102	4,42	48	8,03	29	8,38	
GWSS_E_00084_SE_01	320	4,78	132	8,05	132	9,59	
GWSS_E_00085_SE_01	40	4,72	9	7,76	21	10,18	
GWSS_E_00086_SE_01	30	4,60	17	8,41	8	8,74	
GWSS_E_00087_SE_01	41	4,55	22	7,87	11	9,51	
GWSS_E_00088_SE_01	23	4,07	4	6,64	11	8,58	
GWSS_E_00089_SE_01	66	4,55	32	7,78	21	10,20	
GWSS_E_00090_SE_01	46	4,32	18	7,73	20	9,20	
GWSS_E_00091_SE_01	32	4,01	10	6,63	13	9,70	
GWSS_E_00092_SE_01	34	4,63	15	7,57	10	8,12	
GWSS_E_00093_SE_01	35	4,33	23	8,09	7	9,27	
GWSS_E_00094_SE_01	41	4,65	22	7,76	10	8,30	
GWSS_E_00095_SE_01	50	4,31	12	7,52	27	9,39	
GWSS_E_00096_SE_01	26	4,77	12	7,86	11	11,03	
GWSS_E_00097_SE_01	30	4,35	15	7,21	11	8,85	
GWSS_E_00098_SE_01	35	4,46	21	7,46	9	7,41	
GWSS_E_00099_SE_01	31	4,27	19	7,65	6	7,67	
GWSS_E_00100_SE_01	18	4,15	10	7,60	4	7,17	
GWSS_E_00101_SE_01	31	4,37	18	6,56	7	6,31	
GWSS_E_00102_SE_01	68	4,65	35	8,31	21	9,82	
GWSS_E_00103_SE_01	39	4,87	11	6,89	17	9,47	
GWSS_E_00104_SE_01	33	4,30	21	8,03	7	8,04	
GWSS_E_00105_SE_01	31	4,54	22	8,07	4	8,67	
GWSS_E_00106_SE_01	41	4,49	16	8,06	14	7,52	
GWSS_E_00107_SE_01	52	4,38	25	7,95	17	10,09	
GWSS_E_00108_SE_01	18	4,70	7	8,05	6	7,28	
GWSS_E_00109_SE_01	35	4,69	20	8,64	9	9,08	
GWSS_E_00110_SE_01	28	4,36	8	7,46	17	9,55	
GWSS_E_00111_SE_01	32	4,20	16	8,08	13	8,59	
GWSS_E_00112_SE_01	24	4,25	13	8,25	4	9,00	
GWSS_E_00113_SE_01	33	4,48	18	7,80	1	7,76	
GWSS_E_00114_SE_01	38	4,71	12	8,27	19	10,77	
GWSS_E_00115_SE_01	49	4,24	32	8,16	17	8,22	
GWSS_E_00116_SE_01	20	4,06	7	6,74	5	7,43	
GWSS_E_00117_SE_01	23	4,85	7	8,51	11	9,23	
GWSS_E_00118_SE_01	62	4,53	36	8,38	11	8,52	
GWSS_E_00119_SE_01	17	3,96	4	7,23	5	7,61	
GWSS_E_00120_SE_01	58	4,45	33	8,48	17	8,98	
GWSS_E_00121_SE_01	24	4,37	15	8,11	7	10,33	
GWSS_E_00122_SE_01	39	4,41	13	7,73	11	9,02	
GWSS_E_00123_SE_01	14	4,21	12	8,64	2	7,50	
GWSS_E_00124_SE_01	36	4,33	17	7,81	12	8,87	
GWSS_E_00125_SE_01	37	4,37	17	7,70	14	10,39	
GWSS_E_00126_SE_01	48	4,59	27	8,11	13	8,78	
GWSS_E_00127_SE_01	28	4,07	14	7,15	8	8,03	
GWSS_E_00128_SE_01	8	4,77	3	7,10	2	9,43	
GWSS_E_00129_SE_01	17	4,11	4	6,16	8	8,05	
GWSS_E_00130_SE_01	11	3,81	2	6,39	5	7,00	
GWSS_E_00131_SE_01	30	4,89	18	9,30	9	9,36	
GWSS_E_00132_SE_01	7	3,89	3	6,63	1	5,86	
GWSS_E_00133_SE_01	12	4,19	7	7,08	2	8,00	
GWSS_E_00134_SE_01	29	4,63	17	8,20	4	9,31	
GWSS_E_00135_SE_01	41	4,60	23	8,10	12	9,20	
GWSS_E_00136_SE_01	29	4,16	16	7,78	6	7,42	
GWSS_E_00137_SE_01	28	4,43	11	8,11	14	9,59	
GWSS_E_00138_SE_01	14	4,04	8	8,14	3	9,37	
GWSS_E_00139_SE_01	39	4,06	8	6,96	24	8,89	
GWSS_E_00140_SE_01	14	4,08	10	7,62	3	8,00	
GWSS_E_00141_SE_01	23	4,16	17	8,48	1	7,00	
GWSS_E_00142_SE_01	32	4,78	17	8,81	9	8,58	
GWSS_E_00143_SE_01	54	4,42	37	8,02	7	7,78	
GWSS_E_00144_SE_01	173	4,85	84	8,31	67	9,63	
GWSS_E_00145_SE_01	220	4,90	108	8,54	79	8,87	
GWSS_E_00146_SE_01	258	4,83	126	8,03	93	9,00	
GWSS_E_00147_SE_01	166	4,92	71	8,55	46	8,15	
GWSS_E_00148_SE_01	242	4,60	119	7,53	75	8,25	
GWSS_E_00149_SE_01	248	4,74	119	7,98	76	8,73	
GWSS_E_00150_SE_01	164	4,40	68	6,77	40	6,88	
GWSS_E_00151_SE_01	163	4,61	66	6,76	50	7,04	
GWSS_E_00152_SE_01	180	4,32	62	6,90	48	7,04	
GWSS_E_00153_SE_01	162	4,40	64	6,95	41	6,49	
GWSS_E_00154_SE_01	399	6,08	193	9,97	103	9,98	
GWSS_E_00155_SE_01	367	5,42	234	9,72	81	10,04	
GWSS_E_00156_SE_01	423	5,89	252	10,50	103	10,42	
GWSS_E_00157_SE_01	520	5,45	342	9,13	123	9,52	
GWSS_E_00158_SE_01	224	4,97	122	7,96	55	9,45	
GWSS_E_00159_SE_01	224	5,79	121	9,15	68	10,30	
GWSS_E_00160_SE_01	491	5,76	239	9,85	170	11,01	
GWSS_E_00161_SE_01	457	5,71	218	8,87	140	10,51	
GWSS_E_00162_SE_01	299	5,16	150	8,31	104	7,19	
GWSS_E_00163_SE_01	590	5,11	375	9,26	114	8,80	
GWSS_E_00164_SE_01	322	4,93	188	8,15	67	8,58	
GWSS_E_00165_SE_01	304	4,74	179	8,72	66	9,21	
GWSS_E_00166_SE_01	350	5,25	189	9,14	101	9,56	
GWSS_E_00167_SE_01	314	6,48	134	8,72	132	11,31	
GWSS_E_00168_SE_01	297	5,98	143	9,11	95	10,13	
GWSS_E_00169_SE_01	211	5,73	111	8,41	32	9,08	
GWSS_E_00170_SE_01	156	5,66	74	8,12	30	8,96	
GWSS_E_00171_SE_01	318	5,92	158	8,14	69	9,17	
GWSS_E_00172_SE_01	106	5,29	51	8,28	16	9,02	
GWSS_E_00173_SE_01	91	5,40	49	7,88	19	9,91	
GWSS_E_00174_SE_01	127	6,66	55	8,84	28	10,78	
GWSS_E_00175_SE_01	365	5,19	188	8,22	76	8,04	
GWSS_E_00176_SE_01	237	5,05	154	8,50	49	8,59	
GWSS_E_00177_SE_01	526	5,38	286	8,83	138	9,22	
GWSS_E_00178_SE_01	156	4,85	75	8,11	25	7,83	
GWSS_E_00179_SE_01	139	4,37	91	7,49	31	7,46	
GWSS_E_00180_SE_01	182	4,77	115	7,81	38	8,50	
GWSS_E_00181_SE_01	179	4,91	115	8,49	41	8,72	
GWSS_E_00182_SE_01	249	4,81	127	8,83	86	9,69	
GWSS_E_00183_SE_01	94	4,47	49	7,59	20	7,84	
GWSS_E_00184_SE_01	222	4,81	135	8,51	52	8,77	
GWSS_E_00185_SE_01	159	4,79	89	7,18	49	9,03	
GWSS_E_00186_SE_01	158	5,06	100	8,79	28	8,88	
GWSS_E_00187_SE_01	191	5,07	79	7,74	64	9,83	
GWSS_E_00188_SE_01	291	4,90	167	8,67	82	9,05	
GWSS_E_00189_SE_01	208	4,56	103	7,55	67	8,85	
GWSS_E_00190_SE_01	218	4,40	127	8,11	50	8,51	
GWSS_E_00191_SE_01	200	4,56	118	8,36	41	7,58	
GWSS_E_00192_SE_01	221	4,23	71	8,00	94	10,06	
GWSS_E_00193_SE_01	218	4,46	122	8,52	54	8,68	
GWSS_E_00194_SE_01	189	4,96	110	8,25	42	9,23	
GWSS_E_00195_SE_01	189	4,92	106	8,46	41	8,91	
GWSS_E_00196_SE_01	148	4,57	67	7,67	44	8,64	
GWSS_E_00197_SE_01	163	4,35	77	7,45	42	8,32	
GWSS_E_00198_SE_01	186	4,59	115	8,96	42	8,43	
GWSS_E_00199_SE_01	166	4,31	87	6,68	45	8,07	
GWSS_E_00200_SE_01	225	4,35	131	8,57	50	8,96	
GWSS_E_00201_SE_01	193	4,58	126	8,84	31	7,97	
GWSS_E_00202_SE_01	118	4,47	65	7,86	27	7,71	
GWSS_E_00203_SE_01	147	4,68	88	8,02	32	8,35	
GWSS_E_00204_SE_01	191	4,70	94	7,65	43	8,11	
GWSS_E_00205_SE_01	209	4,66	120	7,83	51	8,07	
GWSS_E_00206_SE_01	140	4,41	63	7,74	45	8,18	
GWSS_E_00207_SE_01	169	4,71	98	7,97	35	8,22	
GWSS_E_00208_SE_01	65	4,72	45	9,43	9	8,71	
GWSS_E_00209_SE_01	126	4,66	88	8,14	12	7,96	
GWSS_E_00210_SE_01	58	4,91	41	8,90	11	7,88	
GWSS_E_00211_SE_01	106	4,56	54	8,42	35	8,39	
GWSS_E_00212_SE_01	213	4,56	113	7,40	26	7,47	
GWSS_E_00213_SE_01	105	4,92	55	9,00	34	9,45	
GWSS_E_00214_SE_01	68	4,92	28	7,39	6	8,14	
GWSS_E_00215_SE_01	106	6,06	56	9,54	24	9,65	
GWSS_E_00216_SE_01	66	4,58	37	8,10	15	8,83	
GWSS_E_00217_SE_01	107	4,85	67	9,52	12	7,91	
GWSS_E_00218_SE_01	75	5,22	38	7,98	20	8,70	
GWSS_E_00219_SE_01	48	4,92	25	7,13	10	7,58	
GWSS_E_00220_SE_01	148	5,29	79	9,25	36	10,18	
GWSS_E_00221_SE_01	53	4,70	29	7,98	12	9,79	
GWSS_E_00222_SE_01	51	4,99	36	7,87	5	6,94	
GWSS_E_00223_SE_01	41	4,55	19	7,16	6	8,35	
GWSS_E_00224_SE_01	46	4,93	23	8,88	14	10,76	
GWSS_E_00225_SE_01	253	4,89	160	8,38	39	8,28	
GWSS_E_00226_SE_01	255	5,19	153	8,53	35	7,95	
GWSS_E_00227_SE_01	191	4,76	128	8,09	30	7,54	
GWSS_E_00228_SE_01	222	4,72	141	8,06	41	8,65	
GWSS_E_00229_SE_01	272	4,80	183	8,20	32	7,51	
GWSS_E_00230_SE_01	403	4,91	186	8,81	124	9,62	
GWSS_E_00231_SE_01	526	5,49	244	8,70	179	10,18	
GWSS_E_00232_SE_01	413	5,29	201	8,91	120	9,15	
GWSS_E_00233_SE_01	287	5,72	134	7,54	100	10,28	
GWSS_E_00234_SE_01	495	6,11	268	8,84	151	10,43	
GWSS_E_00235_SE_01	292	4,63	147	8,35	69	8,59	
GWSS_E_00236_SE_01	493	5,18	251	7,85	138	9,48	
GWSS_E_00237_SE_01	429	5,11	187	7,68	104	8,64	
GWSS_E_00238_SE_01	311	5,22	132	7,55	108	9,13	
GWSS_E_00239_SE_01	347	5,40	195	8,85	86	9,86	
GWSS_E_00240_SE_01	290	5,41	175	8,96	77	10,26	
GWSS_E_00241_SE_01	256	4,89	134	8,98	61	9,22	
GWSS_E_00242_SE_01	299	4,90	158	8,12	62	8,00	
GWSS_E_00243_SE_01	212	4,65	118	8,90	60	10,08	
GWSS_E_00244_SE_01	392	5,14	261	9,90	85	9,60	
GWSS_E_00245_SE_01	319	5,21	179	9,37	88	9,68	
GWSS_E_00246_SE_01	419	4,90	236	8,22	101	8,81	
GWSS_E_00247_SE_01	344	5,01	190	9,16	111	10,89	
GWSS_E_00248_SE_01	398	5,03	213	9,21	122	10,55	
GWSS_E_00300_SE_01	138	6,21	87	10,28	34	11,09	
GWSS_E_00300_SE_02	50	4,83	18	7,12	13	7,79	
GWSS_E_00301_SE_01	73	5,12	48	9,29	21	10,09	
GWSS_E_00301_SE_02	26	4,58	11	7,49	11	7,56	
GWSS_E_00302_SE_01	105	5,39	69	8,90	28	9,03	
GWSS_E_00302_SE_02	19	4,52	9	7,40	5	6,70	
GWSS_E_00303_SE_01	83	5,63	49	9,93	23	10,91	
GWSS_E_00303_SE_02	16	4,57	7	7,58	9	9,04	
GWSS_E_00304_SE_01	78	5,12	51	9,00	19	8,98	
GWSS_E_00304_SE_02	90	4,69	46	7,06	27	7,26	
GWSS_E_00305_SE_01	38	4,85	19	8,12	16	9,36	
GWSS_E_00305_SE_02	6	4,25	1	6,74	1	5,08	
GWSS_E_00306_SE_01	71	5,43	41	8,28	17	9,49	
GWSS_E_00306_SE_02	60	4,60	26	8,10	25	7,61	
GWSS_E_00307_SE_01	55	5,30	28	8,28	12	8,80	
GWSS_E_00307_SE_02	39	4,80	24	7,98	4	7,00	
GWSS_E_00308_SE_01	51	5,53	33	9,06	15	8,91	
GWSS_E_00308_SE_02	57	4,35	31	7,03	14	6,62	
GWSS_E_00309_SE_01	78	5,75	44	8,83	27	10,98	
GWSS_E_00309_SE_02	63	4,33	30	7,14	21	7,27	
GWSS_E_00310_SE_01	43	4,84	26	7,37	7	6,96	
GWSS_E_00310_SE_02	28	4,59	11	7,76	10	7,59	
GWSS_E_00311_SE_01	97	5,06	63	8,81	20	9,10	
GWSS_E_00311_SE_02	9	4,23	4	7,00	5	7,81	
GWSS_E_00312_SE_01	39	4,75	21	7,84	13	9,18	
GWSS_E_00312_SE_02	36	4,35	11	7,09	22	8,45	
GWSS_E_00313_SE_01	74	5,99	53	9,53	14	9,03	
GWSS_E_00313_SE_02	41	4,81	22	7,57	2	7,15	
GWSS_E_00314_SE_01	36	4,78	24	7,30	7	7,94	
GWSS_E_00314_SE_02	27	4,64	18	7,45	4	6,08	
GWSS_E_00315_SE_01	69	5,62	44	9,52	16	9,84	
GWSS_E_00315_SE_02	29	4,38	11	6,48	13	6,89	
GWSS_E_00316_SE_01	65	5,42	41	8,68	15	9,42	
GWSS_E_00316_SE_02	38	4,98	21	7,98	10	8,15	
GWSS_E_00317_SE_01	94	5,60	59	8,34	24	10,14	
GWSS_E_00317_SE_02	17	4,40	13	7,63	2	7,52	
GWSS_E_00318_SE_01	36	5,12	19	7,31	13	11,04	
GWSS_E_00318_SE_02	42	4,46	23	7,25	10	7,22	
