Speech Event	all‰	ung‰	heit‰	keit‰	schaft‰	tät‰	ion‰	ieren‰
GWSS_E_00001_SE_01	13,08	5,79	1,76	0,50	0,00	0,00	3,27	1,76	
GWSS_E_00002_SE_01	14,14	9,88	0,34	0,34	0,17	0,00	1,02	2,39	
GWSS_E_00003_SE_01	19,50	10,18	0,22	0,65	2,17	0,43	4,98	0,87	
GWSS_E_00004_SE_01	10,70	5,60	1,02	0,00	0,00	0,00	4,08	0,00	
GWSS_E_00005_SE_01	10,35	4,38	0,00	0,40	0,00	0,00	4,38	1,19	
GWSS_E_00006_SE_01	15,15	6,44	0,00	0,88	0,50	0,00	5,93	1,39	
GWSS_E_00007_SE_01	20,53	8,43	0,00	3,11	0,33	1,33	5,10	2,22	
GWSS_E_00008_SE_01	20,59	10,18	0,22	1,33	0,00	0,00	5,53	3,32	
GWSS_E_00009_SE_01	18,16	8,07	1,77	1,26	0,25	0,00	4,29	2,52	
GWSS_E_00010_SE_01	22,84	11,42	1,60	2,80	0,60	1,00	2,40	3,00	
GWSS_E_00011_SE_01	36,32	14,06	1,46	4,98	0,00	0,29	11,13	4,39	
GWSS_E_00012_SE_01	29,63	6,05	2,42	7,86	1,21	0,00	8,77	3,33	
GWSS_E_00013_SE_01	28,01	14,43	1,08	1,29	0,00	1,08	4,52	5,60	
GWSS_E_00014_SE_01	18,55	10,18	0,23	0,90	0,00	0,23	5,88	1,13	
GWSS_E_00015_SE_01	11,10	4,42	0,62	0,92	0,31	0,62	2,98	1,23	
GWSS_E_00016_SE_01	11,37	5,62	1,12	0,75	0,12	0,50	1,62	1,62	
GWSS_E_00017_SE_01	20,11	9,62	0,70	1,57	1,57	0,87	4,55	1,22	
GWSS_E_00018_SE_01	12,60	6,82	0,41	2,89	0,00	0,21	1,03	1,24	
GWSS_E_00019_SE_01	23,46	9,93	0,45	1,13	0,68	2,48	6,99	1,80	
GWSS_E_00020_SE_01	28,59	12,43	0,36	4,08	0,53	1,42	7,10	2,66	
GWSS_E_00021_SE_01	33,04	12,15	1,03	5,65	0,34	5,99	5,48	2,40	
GWSS_E_00022_SE_01	13,86	8,01	0,15	1,69	0,00	0,31	1,23	2,46	
GWSS_E_00023_SE_01	22,86	9,63	0,53	0,53	0,13	0,67	7,35	4,01	
GWSS_E_00024_SE_01	16,63	7,42	0,69	1,51	1,92	0,82	2,89	1,37	
GWSS_E_00025_SE_01	13,72	5,28	1,06	1,21	0,30	0,45	3,02	2,41	
GWSS_E_00026_SE_01	41,92	14,91	0,83	0,83	1,16	4,81	16,07	3,31	
GWSS_E_00027_SE_01	21,71	12,16	1,04	1,04	1,22	1,39	3,82	1,04	
GWSS_E_00028_SE_01	19,80	7,82	0,17	2,00	0,50	1,33	5,82	2,16	
GWSS_E_00029_SE_01	14,28	5,86	0,14	1,00	0,14	1,71	2,86	2,57	
GWSS_E_00030_SE_01	21,14	8,07	0,81	1,29	0,97	1,13	4,36	4,52	
GWSS_E_00031_SE_01	22,96	8,08	0,43	1,70	0,57	3,68	6,66	1,84	
GWSS_E_00032_SE_01	19,32	7,22	0,18	1,44	0,00	0,90	5,96	3,61	
GWSS_E_00033_SE_01	15,24	7,13	0,16	0,49	2,43	0,32	3,24	1,46	
GWSS_E_00034_SE_01	16,48	7,34	0,49	1,31	0,16	0,49	4,08	2,61	
GWSS_E_00035_SE_01	22,87	13,79	0,00	1,68	0,34	1,01	4,04	2,02	
GWSS_E_00036_SE_01	21,21	7,53	0,34	0,34	0,00	2,74	7,53	2,74	
GWSS_E_00040_SE_01	17,36	5,79	0,00	1,16	0,00	1,45	7,52	1,45	
GWSS_E_00041_SE_01	13,59	6,56	0,70	0,94	0,00	0,47	3,28	1,64	
GWSS_E_00042_SE_01	22,47	5,71	0,71	5,35	0,36	2,50	4,28	3,57	
GWSS_E_00047_SE_01	16,07	8,04	0,38	1,53	0,00	0,77	2,30	3,06	
GWSS_E_00050_SE_01	11,38	8,79	0,00	0,52	0,00	0,00	1,03	1,03	
GWSS_E_00051_SE_01	21,21	10,14	0,38	1,50	0,38	2,63	3,00	3,19	
GWSS_E_00052_SE_01	7,82	3,91	0,00	0,52	0,00	1,04	1,83	0,52	
GWSS_E_00053_SE_01	13,03	9,05	0,00	0,36	0,72	0,00	1,81	1,09	
GWSS_E_00054_SE_01	18,14	8,15	0,82	0,37	0,09	0,27	6,60	1,83	
GWSS_E_00055_SE_01	30,13	14,64	0,84	0,56	0,84	2,82	6,20	4,22	
GWSS_E_00056_SE_01	17,79	5,99	0,53	0,53	0,53	0,53	6,52	3,17	
GWSS_E_00057_SE_01	27,83	9,94	0,00	0,85	0,28	0,57	13,63	2,56	
GWSS_E_00058_SE_01	25,18	7,32	0,44	0,59	0,29	6,73	6,73	3,07	
GWSS_E_00059_SE_01	14,33	7,50	0,66	0,88	0,22	0,44	3,09	1,54	
GWSS_E_00060_SE_01	20,90	12,09	0,00	2,54	0,60	0,45	3,13	2,09	
GWSS_E_00061_SE_01	17,83	8,35	0,16	2,09	0,00	0,32	5,30	1,61	
GWSS_E_00062_SE_01	6,53	3,59	0,33	0,00	0,00	0,00	1,63	0,98	
GWSS_E_00063_SE_01	16,37	5,75	0,29	4,02	0,00	2,01	0,86	3,45	
GWSS_E_00064_SE_01	28,15	8,25	3,64	0,97	0,00	6,31	6,07	2,91	
GWSS_E_00065_SE_01	10,63	4,70	0,49	1,24	0,00	0,25	1,98	1,98	
GWSS_E_00066_SE_01	16,56	4,52	0,00	0,60	0,00	1,20	6,93	3,31	
GWSS_E_00067_SE_01	15,80	7,50	0,79	0,00	0,00	0,79	5,13	1,58	
GWSS_E_00069_SE_01	10,66	3,93	0,56	0,00	0,56	0,00	3,37	2,24	
GWSS_E_00070_SE_01	21,94	13,60	0,00	1,76	0,00	0,00	6,58	0,00	
GWSS_E_00071_SE_01	10,55	4,90	1,51	0,38	0,38	0,00	0,75	2,64	
GWSS_E_00072_SE_01	12,84	6,73	0,00	1,83	0,00	0,00	1,22	3,06	
GWSS_E_00073_SE_01	16,46	5,49	0,00	1,27	0,00	0,42	7,18	2,11	
GWSS_E_00074_SE_01	11,02	2,04	0,00	0,41	0,00	0,00	8,17	0,41	
GWSS_E_00075_SE_01	19,59	10,27	0,00	1,43	0,48	1,19	2,63	3,58	
GWSS_E_00076_SE_01	16,83	7,29	0,45	2,24	1,12	1,35	2,13	2,24	
GWSS_E_00077_SE_01	16,46	8,38	0,29	0,29	0,58	1,16	3,47	2,31	
GWSS_E_00078_SE_01	17,41	7,25	0,29	0,00	0,00	0,29	6,67	2,90	
GWSS_E_00079_SE_01	15,98	8,14	0,30	2,71	0,30	0,90	0,90	2,71	
GWSS_E_00080_SE_01	16,56	7,83	0,64	1,54	0,51	1,03	3,34	1,67	
GWSS_E_00081_SE_01	11,58	4,95	1,82	0,39	0,39	0,26	2,47	1,30	
GWSS_E_00082_SE_01	11,44	6,90	1,38	0,39	0,00	0,20	2,56	0,00	
GWSS_E_00083_SE_01	16,63	5,80	4,26	0,39	0,00	0,00	5,42	0,77	
GWSS_E_00084_SE_01	13,91	10,22	0,22	0,00	0,22	0,00	1,09	2,17	
GWSS_E_00085_SE_01	18,80	6,84	3,42	0,00	0,00	1,71	6,84	0,00	
GWSS_E_00086_SE_01	37,43	8,02	5,35	10,70	0,00	0,00	8,02	5,35	
GWSS_E_00087_SE_01	25,38	21,57	1,27	0,00	0,00	0,00	1,27	1,27	
GWSS_E_00088_SE_01	34,02	2,96	7,40	1,48	0,00	0,00	14,79	7,40	
GWSS_E_00089_SE_01	47,36	30,84	0,00	0,00	1,10	1,10	9,91	4,41	
GWSS_E_00090_SE_01	12,05	6,49	0,00	0,93	0,00	0,93	1,85	1,85	
GWSS_E_00091_SE_01	28,51	3,42	3,42	0,00	0,00	7,98	7,98	5,70	
GWSS_E_00092_SE_01	45,98	13,79	2,30	0,00	0,00	0,00	22,99	6,90	
GWSS_E_00093_SE_01	45,23	32,31	0,00	0,00	0,00	0,00	9,69	3,23	
GWSS_E_00094_SE_01	62,15	12,71	0,00	0,00	0,00	0,00	39,55	9,89	
GWSS_E_00095_SE_01	17,72	3,32	0,00	0,00	1,11	0,00	8,86	4,43	
GWSS_E_00096_SE_01	38,37	11,29	0,00	0,00	0,00	15,80	11,29	0,00	
GWSS_E_00097_SE_01	34,44	7,95	0,00	1,32	0,00	0,00	21,19	3,97	
GWSS_E_00098_SE_01	41,71	20,29	0,00	3,38	0,00	0,00	18,04	0,00	
GWSS_E_00099_SE_01	16,31	9,79	3,26	0,00	0,00	0,00	1,63	1,63	
GWSS_E_00100_SE_01	27,70	4,37	0,00	0,00	0,00	13,12	10,20	0,00	
GWSS_E_00101_SE_01	27,46	1,77	3,54	0,00	0,00	8,86	11,51	1,77	
GWSS_E_00102_SE_01	21,47	7,91	0,00	2,26	0,00	1,13	5,65	4,52	
GWSS_E_00103_SE_01	21,07	8,10	0,00	1,62	1,62	1,62	4,86	3,24	
GWSS_E_00104_SE_01	32,47	29,22	0,00	0,00	0,00	0,00	1,62	1,62	
GWSS_E_00105_SE_01	13,64	4,55	0,00	0,00	0,00	0,00	4,55	4,55	
GWSS_E_00106_SE_01	21,64	10,25	0,00	0,00	0,00	0,00	5,69	5,69	
GWSS_E_00107_SE_01	18,29	5,23	0,87	0,87	3,48	0,00	4,36	3,48	
GWSS_E_00108_SE_01	15,77	9,01	0,00	0,00	0,00	0,00	6,76	0,00	
GWSS_E_00109_SE_01	22,68	9,45	3,78	0,00	3,78	0,00	3,78	1,89	
GWSS_E_00110_SE_01	19,50	5,32	0,00	0,00	0,00	0,00	10,64	3,55	
GWSS_E_00111_SE_01	42,04	12,01	1,50	9,01	6,01	1,50	10,51	1,50	
GWSS_E_00112_SE_01	38,66	10,31	2,58	0,00	0,00	0,00	25,77	0,00	
GWSS_E_00113_SE_01	26,12	8,71	0,00	0,00	0,00	0,00	13,06	4,35	
GWSS_E_00114_SE_01	18,15	10,08	0,00	0,00	0,00	0,00	8,06	0,00	
GWSS_E_00115_SE_01	35,60	15,10	3,24	1,08	0,00	1,08	15,10	0,00	
GWSS_E_00116_SE_01	13,78	7,87	0,00	0,00	0,00	5,91	0,00	0,00	
GWSS_E_00117_SE_01	26,12	22,39	0,00	0,00	0,00	0,00	3,73	0,00	
GWSS_E_00118_SE_01	49,58	7,08	0,00	0,00	1,42	35,41	5,67	0,00	
GWSS_E_00119_SE_01	17,76	3,55	0,00	0,00	1,78	0,00	8,88	3,55	
GWSS_E_00120_SE_01	29,17	6,25	0,00	2,08	3,13	0,00	16,67	1,04	
GWSS_E_00121_SE_01	27,96	8,60	0,00	0,00	0,00	2,15	17,20	0,00	
GWSS_E_00122_SE_01	20,25	9,35	0,00	4,67	0,00	0,00	1,56	4,67	
GWSS_E_00123_SE_01	30,10	3,34	0,00	0,00	0,00	20,07	6,69	0,00	
GWSS_E_00124_SE_01	34,03	1,89	0,00	0,00	0,00	24,57	5,67	1,89	
GWSS_E_00125_SE_01	28,11	20,71	2,96	0,00	0,00	1,48	2,96	0,00	
GWSS_E_00126_SE_01	49,93	8,10	0,00	0,00	0,00	20,24	21,59	0,00	
GWSS_E_00127_SE_01	37,97	14,24	0,00	0,00	0,00	0,00	20,57	3,16	
GWSS_E_00128_SE_01	18,52	13,89	0,00	0,00	0,00	0,00	4,63	0,00	
GWSS_E_00129_SE_01	8,89	4,44	0,00	0,00	0,00	0,00	1,48	2,96	
GWSS_E_00130_SE_01	9,13	3,04	0,00	0,00	0,00	0,00	6,09	0,00	
GWSS_E_00131_SE_01	25,07	2,79	0,00	0,00	0,00	19,50	2,79	0,00	
GWSS_E_00132_SE_01	14,15	2,36	0,00	0,00	0,00	7,08	2,36	2,36	
GWSS_E_00133_SE_01	7,04	0,00	0,00	2,35	0,00	0,00	4,69	0,00	
GWSS_E_00134_SE_01	14,96	8,55	0,00	0,00	0,00	0,00	2,14	4,27	
GWSS_E_00135_SE_01	37,10	14,13	0,00	0,00	0,00	10,60	8,83	3,53	
GWSS_E_00136_SE_01	16,58	5,10	1,28	7,65	0,00	0,00	1,28	1,28	
GWSS_E_00137_SE_01	12,55	2,09	0,00	0,00	2,09	0,00	8,37	0,00	
GWSS_E_00138_SE_01	37,55	3,95	0,00	0,00	1,98	5,93	23,72	1,98	
GWSS_E_00139_SE_01	9,74	4,87	0,00	0,00	0,00	1,62	1,62	1,62	
GWSS_E_00140_SE_01	32,49	18,05	0,00	0,00	0,00	0,00	14,44	0,00	
GWSS_E_00141_SE_01	16,76	11,17	3,72	0,00	0,00	1,86	0,00	0,00	
GWSS_E_00142_SE_01	20,93	9,30	0,00	0,00	0,00	0,00	11,63	0,00	
GWSS_E_00143_SE_01	15,45	12,14	0,00	1,10	0,00	0,00	2,21	0,00	
GWSS_E_00144_SE_01	35,76	17,44	0,00	1,31	0,00	4,80	8,72	3,49	
GWSS_E_00145_SE_01	20,05	14,41	0,31	0,31	0,31	0,00	2,82	1,88	
GWSS_E_00146_SE_01	25,67	14,95	1,13	0,56	0,56	1,41	4,80	2,26	
GWSS_E_00147_SE_01	18,61	7,86	0,00	0,00	0,00	0,83	7,03	2,89	
GWSS_E_00148_SE_01	17,88	9,46	0,63	0,00	0,00	0,42	6,94	0,42	
GWSS_E_00149_SE_01	14,92	8,34	0,00	0,25	0,25	0,25	3,79	2,02	
GWSS_E_00150_SE_01	11,58	5,54	0,00	0,00	1,26	0,00	2,52	2,27	
GWSS_E_00151_SE_01	9,10	4,55	0,00	0,54	0,54	0,27	2,41	0,80	
GWSS_E_00152_SE_01	9,56	6,73	0,43	0,87	0,00	0,00	0,87	0,65	
GWSS_E_00153_SE_01	11,05	6,59	2,13	0,21	0,00	0,43	0,43	1,28	
GWSS_E_00154_SE_01	33,31	16,85	0,38	1,53	1,91	0,00	4,21	8,42	
GWSS_E_00155_SE_01	37,17	22,75	0,00	0,55	0,28	2,50	9,43	1,66	
GWSS_E_00156_SE_01	38,98	22,60	0,66	3,28	0,33	1,97	7,86	2,29	
GWSS_E_00157_SE_01	44,81	16,03	0,44	6,59	0,22	13,18	5,05	3,29	
GWSS_E_00158_SE_01	17,28	8,48	0,94	0,31	1,57	0,63	4,40	0,94	
GWSS_E_00159_SE_01	40,43	19,75	2,82	6,11	0,47	0,47	8,46	2,35	
GWSS_E_00160_SE_01	28,50	15,40	0,51	2,31	0,00	1,28	6,93	2,05	
GWSS_E_00161_SE_01	38,78	17,44	1,30	2,08	1,04	1,82	10,93	4,16	
GWSS_E_00162_SE_01	12,81	4,56	0,00	1,14	0,00	0,85	3,42	2,85	
GWSS_E_00163_SE_01	17,63	11,80	0,73	0,87	0,15	0,00	3,35	0,73	
GWSS_E_00164_SE_01	20,20	12,28	0,00	0,20	0,20	0,79	4,55	2,18	
GWSS_E_00165_SE_01	16,71	9,05	1,39	0,93	0,46	0,23	3,02	1,62	
GWSS_E_00166_SE_01	30,03	15,92	0,00	2,70	0,30	3,90	5,71	1,50	
GWSS_E_00167_SE_01	30,84	10,98	1,05	2,09	0,52	0,52	12,02	3,66	
GWSS_E_00168_SE_01	17,83	10,87	0,00	0,00	0,00	0,87	2,61	3,48	
GWSS_E_00169_SE_01	8,43	5,62	0,56	0,00	1,12	0,56	0,56	0,00	
GWSS_E_00170_SE_01	30,66	18,98	0,73	0,00	7,30	0,00	3,65	0,00	
GWSS_E_00171_SE_01	21,72	12,84	0,99	1,65	1,65	0,00	4,28	0,33	
GWSS_E_00172_SE_01	16,21	11,44	0,00	0,00	0,95	1,91	1,91	0,00	
GWSS_E_00173_SE_01	14,06	10,04	0,00	1,00	1,00	1,00	0,00	1,00	
GWSS_E_00174_SE_01	21,80	14,99	0,00	0,00	2,72	0,00	4,09	0,00	
GWSS_E_00175_SE_01	21,28	12,94	0,66	0,22	0,66	0,66	3,95	2,19	
GWSS_E_00176_SE_01	31,17	12,01	1,95	3,57	2,27	3,57	6,17	1,62	
GWSS_E_00177_SE_01	18,25	6,57	1,28	0,00	2,74	3,10	3,28	1,28	
GWSS_E_00178_SE_01	14,49	5,48	2,35	0,00	2,74	0,39	3,13	0,39	
GWSS_E_00179_SE_01	16,81	8,85	0,88	0,00	0,44	0,44	6,19	0,00	
GWSS_E_00180_SE_01	21,20	13,36	0,00	0,92	1,38	0,00	4,61	0,92	
GWSS_E_00181_SE_01	19,91	9,26	3,24	0,00	2,78	0,00	3,24	1,39	
GWSS_E_00182_SE_01	18,95	15,57	0,34	0,68	0,00	0,00	1,35	1,02	
GWSS_E_00183_SE_01	7,92	1,98	0,99	0,99	0,00	1,98	0,99	0,99	
GWSS_E_00184_SE_01	21,65	11,81	2,30	0,66	4,26	0,00	2,30	0,33	
GWSS_E_00185_SE_01	27,06	16,82	0,73	1,46	3,29	2,19	1,10	1,46	
GWSS_E_00186_SE_01	31,17	11,27	0,66	0,00	3,32	5,31	10,61	0,00	
GWSS_E_00187_SE_01	23,50	6,71	2,61	0,37	9,32	1,49	1,49	1,49	
GWSS_E_00188_SE_01	17,36	11,57	0,79	0,53	0,00	1,32	1,58	1,58	
GWSS_E_00189_SE_01	13,96	7,41	1,42	1,14	0,00	0,28	2,56	1,14	
GWSS_E_00190_SE_01	30,10	20,52	3,83	0,27	1,64	1,92	0,82	1,09	
GWSS_E_00191_SE_01	14,41	7,20	0,29	0,58	1,15	0,00	1,73	3,46	
GWSS_E_00192_SE_01	14,46	5,83	0,00	1,27	1,01	2,28	1,01	3,04	
GWSS_E_00193_SE_01	24,34	9,42	0,52	0,00	7,07	2,36	1,05	3,93	
GWSS_E_00194_SE_01	12,07	8,57	0,00	0,00	2,34	0,00	0,39	0,78	
GWSS_E_00195_SE_01	17,65	5,37	0,38	1,92	0,00	3,07	4,22	2,69	
GWSS_E_00196_SE_01	8,14	6,10	0,41	0,41	0,00	0,00	0,81	0,41	
GWSS_E_00197_SE_01	16,06	9,01	2,54	0,28	0,28	1,13	0,28	2,54	
GWSS_E_00198_SE_01	22,45	6,47	1,90	1,14	1,52	2,28	7,23	1,90	
GWSS_E_00199_SE_01	17,31	11,54	0,55	1,65	0,55	1,65	0,55	0,82	
GWSS_E_00200_SE_01	21,17	13,57	0,00	2,17	1,90	0,54	1,63	1,36	
GWSS_E_00201_SE_01	19,01	15,91	0,00	0,39	0,78	0,39	0,78	0,78	
GWSS_E_00202_SE_01	14,32	10,23	1,02	0,34	0,00	1,02	1,02	0,68	
GWSS_E_00203_SE_01	17,64	10,13	0,00	3,00	2,63	0,00	1,88	0,00	
GWSS_E_00204_SE_01	8,03	2,94	0,00	0,00	0,80	0,54	3,21	0,54	
GWSS_E_00205_SE_01	17,32	9,47	1,08	0,54	0,00	0,81	3,25	2,17	
GWSS_E_00206_SE_01	15,35	3,92	0,00	0,65	0,98	0,00	2,94	6,86	
GWSS_E_00207_SE_01	11,23	5,21	0,00	0,40	0,00	2,00	2,41	1,20	
GWSS_E_00208_SE_01	16,97	6,79	0,00	0,00	2,26	0,00	4,52	3,39	
GWSS_E_00209_SE_01	23,15	13,43	0,00	1,39	3,24	0,00	2,78	2,31	
GWSS_E_00210_SE_01	36,94	16,42	8,21	1,37	0,00	1,37	5,47	4,10	
GWSS_E_00211_SE_01	13,93	9,75	0,00	0,46	0,00	0,46	3,25	0,00	
GWSS_E_00212_SE_01	4,63	2,92	0,00	0,24	0,24	0,49	0,73	0,00	
GWSS_E_00213_SE_01	25,79	17,69	1,47	0,74	0,74	0,00	5,16	0,00	
GWSS_E_00214_SE_01	24,13	6,03	0,00	1,21	6,03	0,00	8,44	2,41	
GWSS_E_00215_SE_01	60,42	30,83	8,63	4,93	7,40	0,00	7,40	1,23	
GWSS_E_00216_SE_01	14,23	10,28	1,58	0,79	0,79	0,00	0,79	0,00	
GWSS_E_00217_SE_01	22,15	13,95	0,00	0,82	0,82	0,00	5,74	0,82	
GWSS_E_00218_SE_01	20,25	12,37	3,37	1,12	1,12	0,00	0,00	2,25	
GWSS_E_00219_SE_01	21,69	17,12	0,00	1,14	0,00	0,00	3,42	0,00	
GWSS_E_00220_SE_01	16,92	7,16	0,65	0,65	0,00	1,30	3,25	3,90	
GWSS_E_00221_SE_01	18,09	4,93	1,64	0,00	1,64	0,00	6,58	3,29	
GWSS_E_00222_SE_01	29,03	11,83	4,30	4,30	0,00	1,08	7,53	0,00	
GWSS_E_00223_SE_01	11,89	2,97	0,00	1,49	0,00	0,00	5,94	1,49	
GWSS_E_00224_SE_01	41,94	2,21	8,83	11,04	2,21	4,42	11,04	2,21	
GWSS_E_00225_SE_01	11,79	3,93	0,33	0,66	0,00	1,31	2,62	2,95	
GWSS_E_00226_SE_01	17,79	7,67	0,70	1,74	0,00	0,35	2,44	4,88	
GWSS_E_00227_SE_01	6,37	2,90	0,29	0,00	0,00	0,29	1,45	1,45	
GWSS_E_00228_SE_01	8,62	2,97	0,00	0,30	1,78	0,30	0,89	2,38	
GWSS_E_00229_SE_01	10,20	4,61	0,97	0,97	0,73	0,49	0,73	1,70	
GWSS_E_00230_SE_01	12,66	7,55	0,00	0,41	0,20	0,61	1,43	2,45	
GWSS_E_00231_SE_01	23,80	15,80	0,21	1,90	0,63	0,42	3,37	1,47	
GWSS_E_00232_SE_01	21,19	13,98	0,00	0,45	0,00	0,23	4,73	1,80	
GWSS_E_00233_SE_01	25,09	14,34	0,80	1,99	0,80	0,40	5,97	0,80	
GWSS_E_00234_SE_01	39,84	21,59	0,61	4,56	0,91	4,56	4,87	2,74	
GWSS_E_00235_SE_01	15,99	7,37	0,21	1,26	0,00	0,63	5,05	1,47	
GWSS_E_00236_SE_01	26,18	10,50	2,26	0,48	0,81	0,48	10,34	1,29	
GWSS_E_00237_SE_01	14,81	7,95	0,90	0,90	1,08	0,18	1,26	2,53	
GWSS_E_00238_SE_01	17,87	5,62	0,51	1,02	0,00	2,81	5,10	2,81	
GWSS_E_00239_SE_01	30,78	12,62	0,31	1,23	1,23	1,54	11,39	2,46	
GWSS_E_00240_SE_01	21,99	11,00	0,00	2,41	1,72	1,37	4,12	1,37	
GWSS_E_00241_SE_01	19,97	9,14	2,37	3,05	1,69	0,00	1,69	2,03	
GWSS_E_00242_SE_01	16,56	1,43	0,20	0,20	0,00	3,27	10,02	1,43	
GWSS_E_00243_SE_01	17,81	7,05	1,86	1,86	1,48	1,11	3,71	0,74	
GWSS_E_00244_SE_01	28,77	16,32	0,00	3,04	1,11	0,28	6,64	1,38	
GWSS_E_00245_SE_01	32,39	16,36	0,33	2,00	0,00	0,00	12,35	1,34	
GWSS_E_00246_SE_01	17,34	8,58	0,37	0,91	0,55	0,73	3,29	2,92	
GWSS_E_00247_SE_01	26,05	12,60	1,43	0,57	1,43	2,29	6,30	1,43	
GWSS_E_00248_SE_01	21,68	9,46	0,92	2,08	1,85	0,92	5,30	1,15	
GWSS_E_00300_SE_01	44,03	12,75	0,00	3,48	1,16	5,79	18,54	2,32	
GWSS_E_00300_SE_02	9,90	4,95	0,00	1,24	0,00	1,24	2,48	0,00	
GWSS_E_00301_SE_01	27,36	7,46	0,00	1,24	11,19	2,49	2,49	2,49	
GWSS_E_00301_SE_02	15,18	5,06	0,00	0,00	0,00	1,69	0,00	8,43	
GWSS_E_00302_SE_01	45,02	12,45	2,87	0,96	4,79	11,49	9,58	2,87	
GWSS_E_00302_SE_02	9,28	2,32	0,00	0,00	0,00	0,00	2,32	4,64	
GWSS_E_00303_SE_01	49,83	13,75	0,00	0,00	3,44	10,31	15,46	6,87	
GWSS_E_00303_SE_02	15,87	0,00	0,00	0,00	6,35	3,17	0,00	6,35	
GWSS_E_00304_SE_01	36,11	13,04	1,00	1,00	8,02	5,02	4,01	4,01	
GWSS_E_00304_SE_02	15,33	5,93	1,98	0,00	0,00	0,99	4,95	1,48	
GWSS_E_00305_SE_01	27,27	12,12	0,00	3,03	4,55	4,55	0,00	3,03	
GWSS_E_00305_SE_02	11,49	11,49	0,00	0,00	0,00	0,00	0,00	0,00	
GWSS_E_00306_SE_01	29,57	5,38	1,34	2,69	0,00	4,03	6,72	9,41	
GWSS_E_00306_SE_02	14,16	11,01	0,00	0,79	0,00	0,79	1,57	0,00	
GWSS_E_00307_SE_01	19,43	3,53	0,00	0,00	0,00	12,37	0,00	3,53	
GWSS_E_00307_SE_02	17,67	5,89	0,00	2,95	0,00	0,00	7,36	1,47	
GWSS_E_00308_SE_01	42,99	4,52	0,00	0,00	4,52	27,15	2,26	4,52	
GWSS_E_00308_SE_02	15,02	3,13	2,50	1,88	0,00	6,88	0,00	0,63	
GWSS_E_00309_SE_01	43,72	0,00	1,37	4,10	0,00	24,59	8,20	5,46	
GWSS_E_00309_SE_02	9,25	2,64	0,00	0,00	0,00	0,66	4,62	1,32	
GWSS_E_00310_SE_01	22,36	7,45	0,00	0,00	2,48	8,70	3,73	0,00	
GWSS_E_00310_SE_02	8,68	1,45	0,00	0,00	1,45	0,00	5,79	0,00	
GWSS_E_00311_SE_01	22,38	10,74	0,00	0,90	0,00	8,06	0,00	2,69	
GWSS_E_00311_SE_02	3,89	0,00	0,00	0,00	0,00	0,00	3,89	0,00	
GWSS_E_00312_SE_01	27,51	9,71	0,00	0,00	3,24	9,71	0,00	4,85	
GWSS_E_00312_SE_02	9,72	0,00	0,00	1,22	1,22	4,86	0,00	2,43	
GWSS_E_00313_SE_01	61,26	3,95	0,00	0,00	19,76	29,64	5,93	1,98	
GWSS_E_00313_SE_02	9,62	3,61	0,00	1,20	2,40	0,00	0,00	2,40	
GWSS_E_00314_SE_01	25,88	7,39	0,00	1,85	1,85	7,39	0,00	7,39	
GWSS_E_00314_SE_02	29,41	3,46	0,00	0,00	1,73	20,76	1,73	1,73	
GWSS_E_00315_SE_01	38,91	11,67	3,89	3,89	1,95	5,84	3,89	7,78	
GWSS_E_00315_SE_02	9,78	7,82	0,00	0,00	0,00	1,96	0,00	0,00	
GWSS_E_00316_SE_01	24,10	1,51	0,00	0,00	0,00	15,06	0,00	7,53	
GWSS_E_00316_SE_02	11,11	3,70	0,00	1,85	3,70	0,00	1,85	0,00	
GWSS_E_00317_SE_01	58,98	12,35	0,00	1,37	2,74	32,92	6,86	2,74	
GWSS_E_00317_SE_02	9,90	2,48	0,00	0,00	0,00	0,00	7,43	0,00	
GWSS_E_00318_SE_01	19,65	0,00	0,00	0,00	0,00	13,10	0,00	6,55	
GWSS_E_00318_SE_02	11,36	5,68	0,00	0,00	0,00	2,84	2,84	0,00	
