Speech Event	all‰	ung‰	heit‰	keit‰	schaft‰	tät‰	ion‰	ieren‰
FOLK_E_00001_SE_01	23,11	19,09	1,00	0,14	0,00	0,00	1,29	1,58	
FOLK_E_00002_SE_01	2,97	1,32	1,65	0,00	0,00	0,00	0,00	0,00	
FOLK_E_00003_SE_01	13,73	5,99	1,75	0,50	0,00	0,00	3,74	1,75	
FOLK_E_00004_SE_01	11,43	6,47	0,61	1,52	0,30	0,00	1,62	0,91	
FOLK_E_00005_SE_01	20,23	15,36	1,77	0,30	0,00	0,00	0,15	2,66	
FOLK_E_00006_SE_01	22,00	16,50	0,18	0,18	0,00	0,37	2,20	2,57	
FOLK_E_00007_SE_01	18,01	12,29	0,10	0,73	0,00	0,00	1,25	3,64	
FOLK_E_00008_SE_01	18,90	15,28	0,63	0,94	0,00	0,00	0,63	1,42	
FOLK_E_00009_SE_01	21,48	15,81	0,81	0,20	0,00	0,20	1,42	3,04	
FOLK_E_00010_SE_01	0,73	0,73	0,00	0,00	0,00	0,00	0,00	0,00	
FOLK_E_00011_SE_01	0,87	0,54	0,04	0,04	0,04	0,08	0,00	0,12	
FOLK_E_00012_SE_01	1,17	0,97	0,00	0,19	0,00	0,00	0,00	0,00	
FOLK_E_00013_SE_01	2,19	0,97	0,00	0,00	0,49	0,00	0,00	0,73	
FOLK_E_00014_SE_01	0,00	0,00	0,00	0,00	0,00	0,00	0,00	0,00	
FOLK_E_00015_SE_01	16,11	6,80	0,00	0,88	0,50	0,00	6,42	1,51	
FOLK_E_00016_SE_01	1,98	1,54	0,00	0,00	0,00	0,00	0,00	0,44	
FOLK_E_00017_SE_01	2,45	2,45	0,00	0,00	0,00	0,00	0,00	0,00	
FOLK_E_00018_SE_01	8,15	6,05	0,00	0,23	0,00	0,00	1,63	0,23	
FOLK_E_00020_SE_01	3,26	2,57	0,00	0,00	0,00	0,23	0,23	0,23	
FOLK_E_00021_SE_01	3,69	1,40	0,32	0,07	0,64	0,02	0,92	0,32	
FOLK_E_00022_SE_01	4,44	2,27	0,50	0,40	0,10	0,05	0,50	0,61	
FOLK_E_00024_SE_01	5,30	2,78	0,27	0,18	0,00	0,03	0,99	1,05	
FOLK_E_00026_SE_01	5,34	2,88	0,19	0,22	0,06	0,06	0,81	1,13	
FOLK_E_00027_SE_01	5,72	2,86	0,00	0,00	1,63	0,20	0,61	0,41	
FOLK_E_00028_SE_01	20,90	10,34	0,43	0,65	2,15	0,43	6,03	0,86	
FOLK_E_00029_SE_01	11,04	6,02	1,00	0,00	0,00	0,00	4,01	0,00	
FOLK_E_00030_SE_01	5,06	2,53	0,00	0,29	0,19	0,10	1,07	0,88	
FOLK_E_00031_SE_01	10,22	4,72	0,00	0,39	0,00	0,00	3,93	1,18	
FOLK_E_00032_SE_01	18,14	8,57	1,76	1,26	0,25	0,00	4,28	2,02	
FOLK_E_00033_SE_01	24,02	11,71	1,79	2,78	0,79	0,99	2,38	3,57	
FOLK_E_00034_SE_01	21,17	10,59	0,22	1,32	0,00	0,00	5,96	3,09	
FOLK_E_00035_SE_01	18,41	10,33	0,22	0,90	0,00	0,22	5,84	0,90	
FOLK_E_00036_SE_01	27,00	14,36	1,07	1,29	0,00	1,07	4,50	4,71	
FOLK_E_00037_SE_01	36,17	14,18	1,45	4,92	0,00	0,29	11,57	3,76	
FOLK_E_00038_SE_01	28,87	6,32	2,41	7,82	1,20	0,00	8,12	3,01	
FOLK_E_00039_SE_01	5,33	4,24	0,36	0,24	0,00	0,12	0,24	0,12	
FOLK_E_00040_SE_01	4,03	2,76	0,35	0,00	0,12	0,00	0,12	0,69	
FOLK_E_00042_SE_01	8,17	2,72	0,25	0,51	0,51	0,76	1,77	1,65	
FOLK_E_00043_SE_01	5,41	2,91	0,00	0,42	0,42	0,42	0,83	0,42	
FOLK_E_00044_SE_01	10,68	4,76	0,14	0,00	0,00	0,58	2,31	2,89	
FOLK_E_00045_SE_01	4,48	2,93	0,17	0,00	0,00	0,00	1,21	0,17	
FOLK_E_00046_SE_01	6,25	3,96	0,00	0,00	0,51	0,00	0,64	1,15	
FOLK_E_00047_SE_01	4,23	2,12	0,00	0,11	0,00	0,11	0,56	1,34	
FOLK_E_00048_SE_01	3,66	1,95	0,08	0,16	0,00	0,08	0,41	0,98	
FOLK_E_00049_SE_01	4,56	3,62	0,16	0,31	0,31	0,16	0,00	0,00	
FOLK_E_00050_SE_01	5,37	3,58	0,00	0,00	0,45	0,00	0,89	0,45	
FOLK_E_00052_SE_01	2,88	1,68	0,00	0,00	0,00	0,00	0,00	1,20	
FOLK_E_00053_SE_01	2,16	1,23	0,00	0,00	0,00	0,31	0,00	0,62	
FOLK_E_00055_SE_01	6,43	4,15	0,29	0,13	0,03	0,10	0,52	1,21	
FOLK_E_00056_SE_01	13,98	9,77	0,34	0,51	0,17	0,00	0,84	2,36	
FOLK_E_00057_SE_01	20,50	8,49	0,00	3,09	0,33	1,32	5,07	2,20	
FOLK_E_00058_SE_01	11,10	4,48	0,61	1,02	0,31	0,61	2,95	1,12	
FOLK_E_00059_SE_01	11,52	5,95	0,99	0,74	0,12	0,50	1,61	1,61	
FOLK_E_00060_SE_01	20,51	9,56	1,04	1,74	1,56	0,87	4,52	1,22	
FOLK_E_00061_SE_01	13,91	7,78	0,41	3,27	0,00	0,20	1,02	1,23	
FOLK_E_00062_SE_01	24,42	10,53	0,45	1,12	0,67	2,46	7,17	2,02	
FOLK_E_00064_SE_01	17,64	10,53	0,37	1,66	0,10	0,29	2,60	2,10	
FOLK_E_00066_SE_01	5,71	3,40	0,12	0,12	0,45	0,04	0,93	0,65	
FOLK_E_00068_SE_01	17,71	10,47	0,49	1,89	0,22	0,59	1,73	2,32	
FOLK_E_00069_SE_01	14,60	8,12	1,38	1,24	0,06	0,20	1,66	1,94	
FOLK_E_00070_SE_01	20,69	12,91	0,60	1,05	0,34	0,23	3,50	2,07	
FOLK_E_00074_SE_01	4,20	2,35	0,00	0,00	0,17	0,00	1,18	0,50	
FOLK_E_00076_SE_01	7,46	3,98	0,50	0,00	0,50	0,00	1,99	0,50	
FOLK_E_00077_SE_01	4,06	2,29	0,00	0,00	0,00	0,00	0,25	1,52	
FOLK_E_00079_SE_01	4,28	1,26	0,25	0,50	0,00	0,00	0,76	1,51	
FOLK_E_00080_SE_01	5,89	2,10	0,42	0,84	0,00	0,00	0,00	2,53	
FOLK_E_00081_SE_01	5,60	2,80	0,00	0,00	0,00	0,00	0,93	1,87	
FOLK_E_00082_SE_01	8,59	7,63	0,11	0,11	0,00	0,00	0,11	0,64	
FOLK_E_00083_SE_01	11,46	9,39	0,38	0,56	0,00	0,00	0,19	0,94	
FOLK_E_00084_SE_01	5,26	3,21	0,34	0,00	0,14	0,00	0,96	0,61	
FOLK_E_00085_SE_01	2,91	0,00	0,00	0,00	0,00	0,00	2,91	0,00	
FOLK_E_00086_SE_01	4,84	4,10	0,37	0,00	0,00	0,00	0,37	0,00	
FOLK_E_00087_SE_01	4,19	3,14	0,00	0,00	0,00	0,00	0,00	1,05	
FOLK_E_00088_SE_01	8,18	1,64	0,00	0,00	2,62	0,65	1,96	1,31	
FOLK_E_00089_SE_01	2,55	1,91	0,00	0,00	0,00	0,00	0,00	0,64	
FOLK_E_00090_SE_01	3,17	2,11	0,35	0,00	0,00	0,00	0,00	0,70	
FOLK_E_00091_SE_01	2,10	1,40	0,00	0,00	0,00	0,00	0,70	0,00	
FOLK_E_00092_SE_01	4,20	1,20	0,60	0,00	0,00	0,00	1,20	1,20	
FOLK_E_00093_SE_01	1,39	1,04	0,00	0,00	0,00	0,00	0,35	0,00	
FOLK_E_00094_SE_01	3,28	2,95	0,00	0,00	0,00	0,00	0,00	0,33	
FOLK_E_00095_SE_01	1,50	1,50	0,00	0,00	0,00	0,00	0,00	0,00	
FOLK_E_00096_SE_01	3,86	3,86	0,00	0,00	0,00	0,00	0,00	0,00	
FOLK_E_00097_SE_01	1,75	1,17	0,00	0,00	0,00	0,00	0,58	0,00	
FOLK_E_00098_SE_01	3,70	1,48	0,00	2,22	0,00	0,00	0,00	0,00	
FOLK_E_00099_SE_01	0,66	0,33	0,00	0,00	0,00	0,00	0,33	0,00	
FOLK_E_00100_SE_01	2,51	2,19	0,00	0,00	0,00	0,00	0,00	0,31	
FOLK_E_00101_SE_01	2,48	1,55	0,00	0,00	0,00	0,00	0,00	0,93	
FOLK_E_00102_SE_01	2,07	0,69	0,69	0,00	0,00	0,00	0,69	0,00	
FOLK_E_00103_SE_01	1,61	1,61	0,00	0,00	0,00	0,00	0,00	0,00	
FOLK_E_00104_SE_01	1,45	1,45	0,00	0,00	0,00	0,00	0,00	0,00	
FOLK_E_00105_SE_01	1,39	0,99	0,00	0,00	0,00	0,00	0,00	0,40	
FOLK_E_00106_SE_01	5,78	4,21	0,53	0,00	0,53	0,00	0,00	0,53	
FOLK_E_00107_SE_01	6,13	6,13	0,00	0,00	0,00	0,00	0,00	0,00	
FOLK_E_00108_SE_01	1,83	1,83	0,00	0,00	0,00	0,00	0,00	0,00	
FOLK_E_00109_SE_01	0,65	0,65	0,00	0,00	0,00	0,00	0,00	0,00	
FOLK_E_00110_SE_01	1,89	0,63	0,32	0,32	0,00	0,00	0,32	0,32	
FOLK_E_00111_SE_01	9,65	6,03	0,00	0,00	0,00	0,00	2,41	1,21	
FOLK_E_00112_SE_01	4,96	3,96	0,50	0,00	0,00	0,00	0,50	0,00	
FOLK_E_00113_SE_01	3,73	1,49	0,00	0,00	0,00	0,00	1,49	0,75	
FOLK_E_00114_SE_01	6,37	4,43	0,00	0,11	0,11	0,00	1,08	0,65	
FOLK_E_00115_SE_01	8,86	7,09	0,25	0,00	0,00	0,00	1,27	0,25	
FOLK_E_00116_SE_01	0,00	0,00	0,00	0,00	0,00	0,00	0,00	0,00	
FOLK_E_00117_SE_01	8,07	2,99	1,49	0,00	0,00	0,00	2,09	1,49	
FOLK_E_00118_SE_01	8,50	5,80	0,19	0,00	0,19	0,00	1,93	0,39	
FOLK_E_00119_SE_01	6,37	3,56	0,15	0,30	0,74	0,00	0,44	1,19	
FOLK_E_00120_SE_01	14,45	9,50	1,03	0,41	0,41	0,62	1,86	0,62	
FOLK_E_00121_SE_01	12,57	8,04	0,26	1,03	0,09	0,34	1,71	1,11	
FOLK_E_00123_SE_01	21,14	11,60	0,00	0,41	4,14	0,00	4,14	0,83	
FOLK_E_00124_SE_01	12,10	7,88	0,58	1,15	0,00	0,00	1,34	1,15	
FOLK_E_00125_SE_01	20,69	15,71	0,79	0,39	0,79	0,26	1,44	1,31	
FOLK_E_00126_SE_01	31,90	15,85	0,81	1,34	1,95	2,49	6,65	2,82	
FOLK_E_00127_SE_01	15,55	4,11	0,88	1,47	0,88	0,00	4,40	3,81	
FOLK_E_00128_SE_01	10,42	6,67	0,00	0,27	0,09	0,00	2,10	1,28	
FOLK_E_00129_SE_01	4,53	2,14	0,36	0,12	0,36	0,12	0,95	0,48	
FOLK_E_00130_SE_01	7,45	3,23	0,00	0,28	0,84	0,00	1,97	1,12	
FOLK_E_00132_SE_01	5,06	3,13	0,29	0,13	0,05	0,11	0,81	0,54	
FOLK_E_00133_SE_01	4,04	1,73	0,00	0,00	0,00	0,00	2,12	0,19	
FOLK_E_00134_SE_01	7,88	7,20	0,69	0,00	0,00	0,00	0,00	0,00	
FOLK_E_00135_SE_01	8,78	2,93	0,00	0,73	0,00	0,00	3,66	1,46	
FOLK_E_00136_SE_01	2,77	0,92	0,00	0,00	0,00	0,00	0,46	1,38	
FOLK_E_00137_SE_01	6,71	6,71	0,00	0,00	0,00	0,00	0,00	0,00	
FOLK_E_00138_SE_01	6,68	4,90	0,00	0,45	0,00	0,00	0,89	0,45	
FOLK_E_00139_SE_01	5,85	2,93	0,00	0,98	0,98	0,00	0,98	0,00	
FOLK_E_00140_SE_01	5,09	3,82	0,00	0,00	0,00	0,00	0,00	1,27	
FOLK_E_00141_SE_01	5,59	3,73	0,00	0,00	0,00	0,00	0,93	0,93	
FOLK_E_00142_SE_01	9,94	6,39	0,00	0,00	0,00	0,00	2,84	0,71	
FOLK_E_00143_SE_01	2,70	1,40	0,07	0,10	0,27	0,00	0,24	0,61	
FOLK_E_00144_SE_01	8,85	4,17	0,00	0,83	0,00	0,00	1,50	2,34	
FOLK_E_00146_SE_01	13,73	10,42	0,00	0,99	0,00	0,00	0,83	1,49	
FOLK_E_00147_SE_01	1,96	0,70	0,00	0,00	0,35	0,28	0,21	0,42	
FOLK_E_00148_SE_01	6,29	2,52	0,36	0,36	0,81	0,18	1,26	0,81	
FOLK_E_00150_SE_01	9,41	5,94	0,50	0,00	0,00	0,50	0,50	1,98	
FOLK_E_00151_SE_01	5,35	4,46	0,89	0,00	0,00	0,00	0,00	0,00	
FOLK_E_00152_SE_01	5,12	2,85	0,49	0,24	0,33	0,00	0,24	0,98	
FOLK_E_00153_SE_01	0,00	0,00	0,00	0,00	0,00	0,00	0,00	0,00	
FOLK_E_00154_SE_01	0,00	0,00	0,00	0,00	0,00	0,00	0,00	0,00	
FOLK_E_00155_SE_01	0,00	0,00	0,00	0,00	0,00	0,00	0,00	0,00	
FOLK_E_00156_SE_01	4,12	0,82	0,00	0,00	1,65	1,65	0,00	0,00	
FOLK_E_00157_SE_01	7,96	4,49	0,00	0,29	0,00	1,74	0,00	1,45	
FOLK_E_00158_SE_01	11,86	3,95	0,00	0,00	0,00	0,00	3,95	3,95	
FOLK_E_00159_SE_01	0,00	0,00	0,00	0,00	0,00	0,00	0,00	0,00	
FOLK_E_00160_SE_01	7,75	4,10	1,22	1,52	0,46	0,00	0,15	0,30	
FOLK_E_00161_SE_01	4,08	2,82	0,00	0,05	0,05	0,05	0,42	0,68	
FOLK_E_00162_SE_01	8,30	4,20	0,32	0,84	0,53	0,21	1,26	0,95	
FOLK_E_00163_SE_01	13,99	7,31	0,84	0,42	0,21	0,42	3,55	1,25	
FOLK_E_00165_SE_01	6,76	4,05	0,10	0,10	0,10	0,10	1,56	0,73	
FOLK_E_00166_SE_01	8,66	5,96	0,00	0,00	0,54	0,00	1,44	0,72	
FOLK_E_00167_SE_01	15,92	13,51	0,00	0,80	0,00	0,00	1,13	0,48	
FOLK_E_00168_SE_01	10,10	5,71	1,76	0,88	0,15	0,00	0,88	0,73	
FOLK_E_00169_SE_01	10,36	7,48	0,34	1,02	0,17	0,00	0,51	0,85	
FOLK_E_00171_SE_01	19,85	16,89	0,00	0,82	0,00	0,00	1,31	0,82	
FOLK_E_00172_SE_01	14,22	11,81	1,20	0,72	0,00	0,00	0,00	0,48	
FOLK_E_00173_SE_01	8,17	5,21	0,26	0,56	0,15	0,00	1,23	0,77	
FOLK_E_00174_SE_01	11,19	4,90	0,40	1,46	0,13	0,66	2,05	1,59	
FOLK_E_00175_SE_01	2,73	2,54	0,00	0,00	0,00	0,00	0,18	0,00	
FOLK_E_00176_SE_01	7,11	4,02	0,31	0,31	0,00	0,15	0,93	1,39	
FOLK_E_00177_SE_01	6,31	4,40	0,00	0,15	0,15	0,00	0,59	1,03	
FOLK_E_00178_SE_01	7,15	2,94	0,28	0,14	0,84	0,14	1,26	1,54	
FOLK_E_00179_SE_01	8,74	4,37	0,12	0,23	0,35	0,00	1,96	1,73	
FOLK_E_00180_SE_01	9,83	4,80	0,00	0,00	1,53	0,22	1,75	1,53	
FOLK_E_00181_SE_01	7,59	3,92	0,25	0,51	0,38	0,13	1,27	1,14	
FOLK_E_00182_SE_01	6,90	4,12	0,11	0,00	0,11	0,00	0,89	1,67	
FOLK_E_00183_SE_01	7,30	3,40	0,51	0,00	0,68	0,17	1,19	1,36	
FOLK_E_00184_SE_01	4,62	2,18	0,00	0,26	0,51	0,00	0,64	1,03	
FOLK_E_00185_SE_01	5,33	2,67	0,00	0,15	0,30	0,15	1,04	1,04	
FOLK_E_00186_SE_01	9,36	4,39	0,19	0,00	1,15	0,00	2,29	1,34	
FOLK_E_00187_SE_01	6,24	2,15	0,91	0,00	0,34	0,11	0,91	1,81	
FOLK_E_00188_SE_01	1,78	1,19	0,00	0,00	0,00	0,00	0,59	0,00	
FOLK_E_00189_SE_01	1,68	1,68	0,00	0,00	0,00	0,00	0,00	0,00	
FOLK_E_00190_SE_01	13,55	8,85	0,00	1,94	0,28	0,55	1,11	0,83	
FOLK_E_00191_SE_01	9,26	3,87	1,01	0,59	0,84	0,84	1,60	0,50	
FOLK_E_00193_SE_01	9,89	7,06	0,28	0,94	0,66	0,19	0,57	0,19	
FOLK_E_00194_SE_01	7,12	2,91	0,00	0,32	0,00	0,00	0,97	2,91	
FOLK_E_00197_SE_01	8,67	6,58	0,30	1,20	0,00	0,00	0,30	0,30	
FOLK_E_00198_SE_01	4,15	1,84	0,92	0,46	0,00	0,00	0,00	0,92	
FOLK_E_00201_SE_01	7,24	4,63	0,41	0,17	0,46	0,29	0,41	0,87	
FOLK_E_00202_SE_01	5,34	3,50	0,06	0,38	0,19	0,06	0,57	0,57	
FOLK_E_00203_SE_01	5,18	1,76	0,20	0,00	0,10	0,00	2,74	0,39	
FOLK_E_00204_SE_01	3,96	2,02	0,07	0,28	0,00	0,00	0,56	1,04	
FOLK_E_00206_SE_01	13,24	5,11	0,50	1,94	0,72	1,30	2,09	1,58	
FOLK_E_00207_SE_01	5,07	2,77	0,69	0,00	0,00	0,00	0,00	1,61	
FOLK_E_00208_SE_01	7,77	4,30	0,17	0,33	0,17	0,00	0,83	1,98	
FOLK_E_00209_SE_01	6,27	1,88	0,63	0,00	0,31	0,00	0,00	3,45	
FOLK_E_00210_SE_01	28,31	13,91	2,15	1,48	2,52	0,74	4,98	2,52	
FOLK_E_00211_SE_01	2,84	2,84	0,00	0,00	0,00	0,00	0,00	0,00	
FOLK_E_00212_SE_01	0,00	0,00	0,00	0,00	0,00	0,00	0,00	0,00	
FOLK_E_00213_SE_01	4,78	2,87	0,00	0,64	0,00	0,32	0,64	0,32	
FOLK_E_00214_SE_01	2,38	2,38	0,00	0,00	0,00	0,00	0,00	0,00	
FOLK_E_00215_SE_01	5,14	1,29	0,00	0,00	0,00	0,00	0,00	3,86	
FOLK_E_00216_SE_01	10,04	5,74	1,43	2,87	0,00	0,00	0,00	0,00	
FOLK_E_00217_SE_01	2,72	1,76	0,22	0,18	0,00	0,00	0,04	0,53	
FOLK_E_00218_SE_01	3,22	2,65	0,19	0,00	0,00	0,00	0,19	0,19	
FOLK_E_00219_SE_01	10,47	5,62	0,00	0,77	0,00	0,00	1,28	2,81	
FOLK_E_00220_SE_01	5,38	3,81	0,06	0,18	0,18	0,00	0,91	0,24	
FOLK_E_00221_SE_01	6,18	2,36	0,00	0,29	0,88	0,29	0,00	2,36	
FOLK_E_00223_SE_01	0,00	0,00	0,00	0,00	0,00	0,00	0,00	0,00	
FOLK_E_00224_SE_01	10,34	8,61	0,00	0,86	0,00	0,00	0,86	0,00	
FOLK_E_00225_SE_01	4,27	3,26	0,11	0,11	0,00	0,00	0,45	0,34	
FOLK_E_00226_SE_01	9,94	6,85	0,00	0,33	0,00	0,00	0,82	1,96	
FOLK_E_00227_SE_01	6,24	4,11	0,15	0,15	0,15	0,15	0,15	1,37	
FOLK_E_00228_SE_01	5,51	3,87	0,10	0,29	0,00	0,00	0,97	0,29	
FOLK_E_00229_SE_01	0,00	0,00	0,00	0,00	0,00	0,00	0,00	0,00	
FOLK_E_00230_SE_01	0,00	0,00	0,00	0,00	0,00	0,00	0,00	0,00	
FOLK_E_00231_SE_01	2,99	0,00	0,00	0,00	0,00	0,00	0,00	2,99	
FOLK_E_00235_SE_01	5,95	2,98	0,00	0,00	0,00	0,00	0,00	2,98	
FOLK_E_00237_SE_01	11,24	11,24	0,00	0,00	0,00	0,00	0,00	0,00	
FOLK_E_00238_SE_01	26,09	26,09	0,00	0,00	0,00	0,00	0,00	0,00	
FOLK_E_00239_SE_01	0,00	0,00	0,00	0,00	0,00	0,00	0,00	0,00	
FOLK_E_00243_SE_01	5,62	2,55	0,00	1,02	0,00	0,00	0,00	2,04	
FOLK_E_00246_SE_01	2,34	0,78	0,00	0,00	0,00	0,78	0,00	0,78	
FOLK_E_00248_SE_01	22,47	13,41	0,24	0,47	0,35	0,12	4,82	3,06	
FOLK_E_00250_SE_01	24,68	12,01	1,87	0,11	0,11	0,00	6,28	4,30	
FOLK_E_00251_SE_01	6,37	4,09	0,00	0,23	0,23	0,00	0,91	0,91	
FOLK_E_00252_SE_01	4,34	3,77	0,00	0,00	0,00	0,00	0,38	0,19	
FOLK_E_00253_SE_01	4,42	2,77	0,28	0,14	0,41	0,28	0,41	0,14	
FOLK_E_00254_SE_01	11,01	8,88	0,16	0,16	0,64	0,00	0,64	0,53	
FOLK_E_00255_SE_01	3,81	2,96	0,06	0,06	0,00	0,00	0,36	0,36	
FOLK_E_00256_SE_01	6,41	2,87	1,07	0,08	0,16	0,41	0,57	1,23	
FOLK_E_00257_SE_01	4,66	2,05	0,00	0,34	0,11	0,34	0,45	1,36	
FOLK_E_00258_SE_01	11,08	4,56	0,22	0,22	0,43	1,30	0,76	3,58	
FOLK_E_00259_SE_01	2,11	0,53	1,05	0,00	0,00	0,00	0,00	0,53	
FOLK_E_00260_SE_01	2,92	1,78	0,13	0,13	0,00	0,00	0,25	0,63	
FOLK_E_00261_SE_01	6,90	3,19	0,51	0,38	0,51	0,13	1,02	1,15	
FOLK_E_00262_SE_01	5,18	3,02	0,86	0,86	0,00	0,00	0,00	0,43	
FOLK_E_00263_SE_01	5,26	3,64	0,81	0,40	0,00	0,00	0,20	0,20	
FOLK_E_00264_SE_01	2,34	2,34	0,00	0,00	0,00	0,00	0,00	0,00	
FOLK_E_00265_SE_01	4,02	2,22	0,00	0,09	0,09	0,00	0,77	0,85	
FOLK_E_00266_SE_01	4,74	2,71	0,04	0,30	0,00	0,26	0,69	0,73	
FOLK_E_00267_SE_01	3,58	2,26	0,09	0,09	0,03	0,06	0,03	1,01	
FOLK_E_00268_SE_01	4,82	3,47	0,15	0,00	0,30	0,00	0,30	0,60	
FOLK_E_00269_SE_01	3,19	1,70	0,00	0,43	0,00	0,00	0,21	0,85	
FOLK_E_00270_SE_01	3,99	1,33	0,00	0,44	0,00	0,00	0,00	2,22	
FOLK_E_00271_SE_01	6,00	2,95	0,22	0,22	0,00	0,00	1,20	1,42	
FOLK_E_00272_SE_01	8,87	6,52	0,26	0,52	0,00	0,26	0,52	0,78	
FOLK_E_00273_SE_01	5,44	3,29	0,28	0,19	0,19	0,00	0,79	0,70	
FOLK_E_00274_SE_01	5,10	2,96	0,19	0,00	0,00	0,00	0,56	1,39	
FOLK_E_00285_SE_01	2,89	1,76	0,13	0,00	0,19	0,06	0,00	0,75	
FOLK_E_00286_SE_01	5,70	2,98	0,00	0,00	0,00	0,81	0,81	1,09	
FOLK_E_00287_SE_01	3,79	1,68	0,14	0,05	0,05	0,05	0,91	0,91	
FOLK_E_00288_SE_01	4,48	2,50	0,19	0,00	0,51	0,00	0,64	0,64	
FOLK_E_00289_SE_01	3,34	0,56	0,00	0,00	0,00	0,00	1,67	1,11	
FOLK_E_00290_SE_01	4,63	1,89	0,46	0,40	0,00	0,23	0,80	0,86	
FOLK_E_00291_SE_01	3,29	2,16	0,19	0,09	0,00	0,00	0,28	0,56	
FOLK_E_00292_SE_01	10,39	6,61	0,00	0,94	0,00	0,00	0,94	1,89	
FOLK_E_00293_SE_01	4,18	2,76	0,00	0,00	0,09	0,09	0,49	0,76	
FOLK_E_00294_SE_01	2,01	1,48	0,00	0,00	0,00	0,00	0,11	0,42	
FOLK_E_00295_SE_01	6,20	4,54	0,15	0,15	0,00	0,00	0,45	0,91	
FOLK_E_00296_SE_01	3,99	2,35	0,00	0,10	0,20	0,00	0,31	1,02	
FOLK_E_00298_SE_01	8,26	2,75	0,00	0,00	0,00	0,00	0,00	5,51	
FOLK_E_00299_SE_01	1,16	0,58	0,00	0,00	0,00	0,00	0,00	0,58	
FOLK_E_00300_SE_01	2,59	1,42	0,00	0,26	0,13	0,00	0,39	0,39	
FOLK_E_00301_SE_01	4,39	3,32	0,00	0,11	0,00	0,00	0,11	0,86	
FOLK_E_00302_SE_01	10,30	10,30	0,00	0,00	0,00	0,00	0,00	0,00	
FOLK_E_00303_SE_01	9,91	6,28	0,00	0,10	0,00	0,29	1,77	1,47	
FOLK_E_00304_SE_01	0,00	0,00	0,00	0,00	0,00	0,00	0,00	0,00	
FOLK_E_00305_SE_01	8,47	4,24	0,00	0,00	4,24	0,00	0,00	0,00	
FOLK_E_00308_SE_01	4,08	1,99	0,09	0,36	0,09	0,09	0,72	0,72	
FOLK_E_00309_SE_01	2,75	1,28	0,00	0,18	0,00	0,00	0,18	1,10	
FOLK_E_00313_SE_01	7,16	3,14	0,29	0,69	0,00	0,00	1,67	1,37	
FOLK_E_00318_SE_01	8,19	6,07	0,00	0,61	0,00	0,30	0,00	1,21	
FOLK_E_00319_SE_01	5,17	3,51	0,10	0,39	0,00	0,00	0,00	1,17	
FOLK_E_00321_SE_01	5,38	3,92	0,46	0,00	0,00	0,00	0,15	0,85	
FOLK_E_00322_SE_01	5,59	3,66	0,00	0,10	0,51	0,00	0,71	0,61	
FOLK_E_00323_SE_01	2,52	2,52	0,00	0,00	0,00	0,00	0,00	0,00	
FOLK_E_00324_SE_01	2,67	0,00	0,00	0,00	0,00	0,00	0,00	2,67	
FOLK_E_00325_SE_01	4,92	3,09	0,03	0,13	0,98	0,07	0,29	0,33	
FOLK_E_00327_SE_01	4,09	2,36	0,00	0,00	0,00	0,00	0,16	1,57	
FOLK_E_00329_SE_01	2,98	1,49	0,04	0,13	0,00	0,00	0,60	0,72	
FOLK_E_00330_SE_01	11,80	5,15	1,25	1,37	1,04	0,04	1,87	1,08	
FOLK_E_00331_SE_01	2,88	2,18	0,09	0,09	0,00	0,00	0,09	0,44	
FOLK_E_00332_SE_01	3,95	1,69	0,00	0,56	0,00	0,00	1,69	0,00	
FOLK_E_00333_SE_01	3,69	1,94	0,19	0,19	0,19	0,00	0,39	0,78	
FOLK_E_00334_SE_01	2,67	2,23	0,00	0,00	0,00	0,00	0,00	0,45	
FOLK_E_00335_SE_01	5,63	2,62	0,78	1,75	0,00	0,00	0,39	0,10	
FOLK_E_00337_SE_01	16,15	8,86	0,83	0,52	2,29	0,10	2,50	1,04	
FOLK_E_00338_SE_01	18,04	9,38	2,50	0,42	1,25	0,52	2,19	1,77	
FOLK_E_00339_SE_01	7,08	4,21	0,51	0,28	0,51	0,17	0,62	0,79	
FOLK_E_00340_SE_01	5,44	2,62	0,14	0,14	0,05	0,05	0,38	2,05	
FOLK_E_00342_SE_01	3,57	2,41	0,00	0,00	0,00	0,10	0,58	0,48	
FOLK_E_00343_SE_01	11,34	8,75	0,00	0,40	0,00	0,00	1,59	0,60	
FOLK_E_00344_SE_01	6,43	4,68	0,35	0,00	0,23	0,12	0,47	0,58	
FOLK_E_00345_SE_01	1,61	0,00	0,00	0,00	0,00	0,00	0,00	1,61	
FOLK_E_00346_SE_01	6,33	3,42	0,17	0,30	0,17	0,00	1,39	0,89	
FOLK_E_00347_SE_01	4,23	3,27	0,19	0,10	0,00	0,19	0,19	0,29	
FOLK_E_00348_SE_01	8,77	8,01	0,07	0,07	0,28	0,07	0,07	0,21	
FOLK_E_00349_SE_01	7,16	5,09	0,00	0,52	0,17	0,09	0,69	0,60	
FOLK_E_00350_SE_01	4,97	3,05	0,16	0,32	0,00	0,00	0,40	1,04	
FOLK_E_00351_SE_01	7,93	5,78	0,50	0,41	0,17	0,00	0,08	0,99	
FOLK_E_00352_SE_01	11,62	7,69	0,17	0,17	0,00	0,00	1,37	2,22	
FOLK_E_00353_SE_01	5,36	3,62	0,80	0,40	0,00	0,13	0,40	0,00	
FOLK_E_00354_SE_01	5,80	4,23	0,00	0,31	0,31	0,00	0,63	0,31	
FOLK_E_00355_SE_01	3,32	1,35	0,00	0,12	0,00	0,00	0,37	1,48	
FOLK_E_00356_SE_01	2,97	1,48	0,56	0,19	0,19	0,00	0,00	0,56	
FOLK_E_00357_SE_01	3,04	1,90	0,19	0,00	0,19	0,09	0,09	0,57	
FOLK_E_00359_SE_01	10,22	8,91	0,00	0,26	0,00	0,00	0,26	0,79	
FOLK_E_00360_SE_01	7,74	6,06	0,00	0,00	0,00	0,00	0,34	1,35	
FOLK_E_00361_SE_01	24,73	12,45	0,08	1,57	0,66	1,15	5,03	3,79	
FOLK_E_00362_SE_01	15,04	7,52	0,00	1,50	0,00	0,00	1,50	4,51	
FOLK_E_00363_SE_01	11,01	7,34	0,00	1,83	0,92	0,92	0,00	0,00	
FOLK_E_00364_SE_01	15,23	9,14	0,00	0,00	0,00	3,05	0,00	3,05	
FOLK_E_00365_SE_01	13,27	11,48	0,00	0,00	0,00	0,00	0,72	1,08	
FOLK_E_00366_SE_01	6,58	6,58	0,00	0,00	0,00	0,00	0,00	0,00	
FOLK_E_00367_SE_01	0,00	0,00	0,00	0,00	0,00	0,00	0,00	0,00	
FOLK_E_00368_SE_01	3,19	0,00	0,00	0,00	0,00	0,00	0,00	3,19	
FOLK_E_00370_SE_01	10,69	4,95	0,05	0,05	1,26	1,16	0,47	2,74	
FOLK_E_00371_SE_01	10,97	3,13	2,09	1,57	0,52	1,57	0,00	2,09	
