Speech Event	contributions per minute	average contribution length	% contributions with 1-2 words
GWSS_E_00001_SE_01	12,56	15,74	21,79	
GWSS_E_00002_SE_01	13,44	13,33	35,53	
GWSS_E_00003_SE_01	6,13	25,13	20,39	
GWSS_E_00004_SE_01	12,12	10,89	36,11	
GWSS_E_00005_SE_01	18,32	7,23	37,57	
GWSS_E_00006_SE_01	7,81	22,92	30,71	
GWSS_E_00007_SE_01	4,97	32,99	21,72	
GWSS_E_00008_SE_01	8,55	17,52	23,19	
GWSS_E_00009_SE_01	6,26	21,63	18,18	
GWSS_E_00010_SE_01	8,74	17,37	30,66	
GWSS_E_00011_SE_01	6,16	19,19	24,86	
GWSS_E_00012_SE_01	11,36	10,16	40,18	
GWSS_E_00013_SE_01	6,71	22,32	18,63	
GWSS_E_00014_SE_01	7,67	16,73	29,54	
GWSS_E_00015_SE_01	9,95	20,04	33,08	
GWSS_E_00016_SE_01	6,72	29,09	26,76	
GWSS_E_00017_SE_01	8,34	22,58	22,61	
GWSS_E_00018_SE_01	7,90	20,42	34,25	
GWSS_E_00019_SE_01	7,52	23,43	31,80	
GWSS_E_00020_SE_01	1,69	87,81	17,91	
GWSS_E_00021_SE_01	3,69	34,29	44,17	
GWSS_E_00022_SE_01	5,97	28,29	41,27	
GWSS_E_00023_SE_01	3,67	45,48	26,90	
GWSS_E_00024_SE_01	1,86	98,30	21,52	
GWSS_E_00025_SE_01	2,69	51,13	20,47	
GWSS_E_00026_SE_01	0,73	190,74	17,65	
GWSS_E_00027_SE_01	0,70	182,71	19,35	
GWSS_E_00028_SE_01	1,94	86,96	31,08	
GWSS_E_00029_SE_01	1,77	117,43	17,14	
GWSS_E_00030_SE_01	2,52	49,90	25,00	
GWSS_E_00031_SE_01	3,13	46,57	32,41	
GWSS_E_00032_SE_01	4,87	29,62	36,07	
GWSS_E_00033_SE_01	2,40	62,36	40,82	
GWSS_E_00034_SE_01	6,21	25,26	34,32	
GWSS_E_00035_SE_01	3,77	44,89	22,73	
GWSS_E_00036_SE_01	3,79	44,14	19,18	
GWSS_E_00040_SE_01	2,83	53,51	12,16	
GWSS_E_00041_SE_01	3,34	50,21	32,14	
GWSS_E_00042_SE_01	4,66	29,84	28,26	
GWSS_E_00047_SE_01	5,50	33,33	22,11	
GWSS_E_00050_SE_01	2,86	49,56	9,76	
GWSS_E_00051_SE_01	2,42	53,84	31,96	
GWSS_E_00052_SE_01	3,46	47,51	26,58	
GWSS_E_00053_SE_01	2,18	80,05	17,95	
GWSS_E_00054_SE_01	5,23	37,65	27,59	
GWSS_E_00055_SE_01	2,68	56,89	14,46	
GWSS_E_00056_SE_01	6,31	161,33	14,08	
GWSS_E_00057_SE_01	4,26	35,77	27,27	
GWSS_E_00058_SE_01	3,08	59,97	17,69	
GWSS_E_00059_SE_01	7,57	141,78	8,93	
GWSS_E_00060_SE_01	2,78	49,48	34,81	
GWSS_E_00061_SE_01	4,05	39,67	30,81	
GWSS_E_00062_SE_01	7,44	18,96	28,13	
GWSS_E_00063_SE_01	5,24	35,73	20,80	
GWSS_E_00064_SE_01	4,27	31,78	28,68	
GWSS_E_00065_SE_01	14,07	15,57	27,55	
GWSS_E_00066_SE_01	14,86	11,19	28,25	
GWSS_E_00067_SE_01	14,42	15,15	20,62	
GWSS_E_00069_SE_01	9,03	13,66	22,22	
GWSS_E_00070_SE_01	21,35	6,65	37,03	
GWSS_E_00071_SE_01	21,60	4,94	48,40	
GWSS_E_00072_SE_01	11,85	10,02	32,75	
GWSS_E_00073_SE_01	12,80	9,45	42,08	
GWSS_E_00074_SE_01	21,31	5,09	48,86	
GWSS_E_00075_SE_01	9,79	15,95	28,36	
GWSS_E_00076_SE_01	14,31	10,27	30,29	
GWSS_E_00077_SE_01	7,34	23,39	20,55	
GWSS_E_00078_SE_01	8,01	22,43	13,86	
GWSS_E_00079_SE_01	12,00	14,07	24,05	
GWSS_E_00080_SE_01	12,72	12,42	35,26	
GWSS_E_00081_SE_01	20,20	7,32	41,64	
GWSS_E_00082_SE_01	12,30	13,15	30,65	
GWSS_E_00083_SE_01	15,53	9,61	34,29	
GWSS_E_00084_SE_01	8,26	20,13	28,35	
GWSS_E_00085_SE_01	8,45	12,54	31,25	
GWSS_E_00086_SE_01	12,60	6,34	37,29	
GWSS_E_00087_SE_01	7,06	15,98	26,92	
GWSS_E_00088_SE_01	13,43	8,89	35,80	
GWSS_E_00089_SE_01	10,51	9,84	33,72	
GWSS_E_00090_SE_01	9,57	15,84	22,97	
GWSS_E_00091_SE_01	7,48	13,71	23,21	
GWSS_E_00092_SE_01	4,63	16,71	16,67	
GWSS_E_00093_SE_01	8,97	13,25	26,92	
GWSS_E_00094_SE_01	10,94	10,89	28,57	
GWSS_E_00095_SE_01	8,81	16,34	30,51	
GWSS_E_00096_SE_01	7,62	16,77	29,03	
GWSS_E_00097_SE_01	7,70	18,23	16,28	
GWSS_E_00098_SE_01	8,28	17,02	26,42	
GWSS_E_00099_SE_01	10,78	14,26	26,42	
GWSS_E_00100_SE_01	8,11	11,30	24,00	
GWSS_E_00101_SE_01	10,68	12,06	24,74	
GWSS_E_00102_SE_01	8,00	14,34	28,13	
GWSS_E_00103_SE_01	8,72	15,60	30,95	
GWSS_E_00104_SE_01	5,98	13,08	29,73	
GWSS_E_00105_SE_01	8,42	11,28	48,72	
GWSS_E_00106_SE_01	7,79	12,00	26,47	
GWSS_E_00107_SE_01	6,71	23,40	12,77	
GWSS_E_00108_SE_01	6,70	18,67	9,52	
GWSS_E_00109_SE_01	9,58	10,57	42,86	
GWSS_E_00110_SE_01	8,15	22,12	9,09	
GWSS_E_00111_SE_01	13,63	9,35	32,47	
GWSS_E_00112_SE_01	7,81	26,64	31,82	
GWSS_E_00113_SE_01	10,78	11,07	32,84	
GWSS_E_00114_SE_01	8,57	15,31	20,00	
GWSS_E_00115_SE_01	9,81	12,80	34,21	
GWSS_E_00116_SE_01	12,41	6,97	36,11	
GWSS_E_00117_SE_01	10,26	8,45	33,33	
GWSS_E_00118_SE_01	9,12	10,92	22,73	
GWSS_E_00119_SE_01	17,08	7,59	35,00	
GWSS_E_00120_SE_01	9,59	16,33	20,00	
GWSS_E_00121_SE_01	16,34	8,31	32,79	
GWSS_E_00122_SE_01	13,13	7,51	36,71	
GWSS_E_00123_SE_01	10,61	11,00	23,08	
GWSS_E_00124_SE_01	11,59	12,41	29,41	
GWSS_E_00125_SE_01	6,61	16,64	30,95	
GWSS_E_00126_SE_01	5,45	30,12	26,92	
GWSS_E_00127_SE_01	8,78	12,40	29,17	
GWSS_E_00128_SE_01	8,74	7,52	27,59	
GWSS_E_00129_SE_01	11,44	12,69	32,79	
GWSS_E_00130_SE_01	10,53	14,26	30,00	
GWSS_E_00131_SE_01	8,45	17,45	10,00	
GWSS_E_00132_SE_01	15,00	10,88	27,91	
GWSS_E_00133_SE_01	11,21	11,95	35,14	
GWSS_E_00134_SE_01	8,99	13,78	29,73	
GWSS_E_00135_SE_01	6,06	21,50	21,88	
GWSS_E_00136_SE_01	5,18	32,73	23,08	
GWSS_E_00137_SE_01	6,88	19,40	20,00	
GWSS_E_00138_SE_01	12,38	12,30	32,61	
GWSS_E_00139_SE_01	14,26	11,55	32,76	
GWSS_E_00140_SE_01	10,91	10,00	36,67	
GWSS_E_00141_SE_01	9,96	10,36	26,67	
GWSS_E_00142_SE_01	7,13	28,18	23,53	
GWSS_E_00143_SE_01	7,86	15,80	42,59	
GWSS_E_00144_SE_01	7,86	13,63	29,31	
GWSS_E_00145_SE_01	7,31	16,00	20,28	
GWSS_E_00146_SE_01	7,52	15,37	28,28	
GWSS_E_00147_SE_01	10,24	10,22	27,27	
GWSS_E_00148_SE_01	10,21	12,18	31,99	
GWSS_E_00149_SE_01	12,26	11,32	22,60	
GWSS_E_00150_SE_01	17,57	8,03	39,88	
GWSS_E_00151_SE_01	12,04	11,42	33,44	
GWSS_E_00152_SE_01	18,28	10,08	34,16	
GWSS_E_00153_SE_01	16,29	8,72	40,41	
GWSS_E_00154_SE_01	3,98	31,43	30,95	
GWSS_E_00155_SE_01	2,75	49,63	30,14	
GWSS_E_00156_SE_01	3,71	30,88	20,41	
GWSS_E_00157_SE_01	3,91	32,96	27,54	
GWSS_E_00158_SE_01	2,90	40,42	22,78	
GWSS_E_00159_SE_01	2,63	36,79	17,24	
GWSS_E_00160_SE_01	4,52	28,16	37,04	
GWSS_E_00161_SE_01	3,95	33,13	30,17	
GWSS_E_00162_SE_01	5,03	27,20	36,57	
GWSS_E_00163_SE_01	5,02	27,31	35,46	
GWSS_E_00164_SE_01	5,75	22,42	25,81	
GWSS_E_00165_SE_01	4,65	26,99	22,36	
GWSS_E_00166_SE_01	3,90	30,83	18,27	
GWSS_E_00167_SE_01	1,97	54,14	20,00	
GWSS_E_00168_SE_01	1,75	58,79	15,38	
GWSS_E_00169_SE_01	2,07	55,34	27,59	
GWSS_E_00170_SE_01	3,11	40,83	13,33	
GWSS_E_00171_SE_01	0,92	157,20	35,00	
GWSS_E_00172_SE_01	2,43	79,47	0,00	
GWSS_E_00173_SE_01	2,11	63,81	25,00	
GWSS_E_00174_SE_01	5,04	165,55	7,89	
GWSS_E_00175_SE_01	9,52	14,03	33,23	
GWSS_E_00176_SE_01	5,07	25,30	31,09	
GWSS_E_00177_SE_01	8,17	19,75	31,64	
GWSS_E_00178_SE_01	8,30	19,54	36,84	
GWSS_E_00179_SE_01	19,71	6,12	44,82	
GWSS_E_00180_SE_01	11,01	12,99	36,26	
GWSS_E_00181_SE_01	7,36	19,17	31,97	
GWSS_E_00182_SE_01	6,40	23,20	35,54	
GWSS_E_00183_SE_01	5,48	28,20	38,67	
GWSS_E_00184_SE_01	6,59	23,17	30,88	
GWSS_E_00185_SE_01	7,31	17,91	36,49	
GWSS_E_00186_SE_01	9,50	13,17	49,15	
GWSS_E_00187_SE_01	3,24	53,20	28,57	
GWSS_E_00188_SE_01	7,76	17,15	41,36	
GWSS_E_00189_SE_01	9,80	14,15	40,27	
GWSS_E_00190_SE_01	12,29	12,75	34,80	
GWSS_E_00191_SE_01	11,97	14,76	37,65	
GWSS_E_00192_SE_01	14,93	10,91	44,27	
GWSS_E_00193_SE_01	12,23	13,91	37,23	
GWSS_E_00194_SE_01	9,44	13,35	35,03	
GWSS_E_00195_SE_01	7,84	18,06	31,72	
GWSS_E_00196_SE_01	11,69	10,19	49,19	
GWSS_E_00197_SE_01	16,56	9,61	43,06	
GWSS_E_00198_SE_01	9,43	13,87	37,24	
GWSS_E_00199_SE_01	10,71	14,08	36,16	
GWSS_E_00200_SE_01	6,19	27,32	25,81	
GWSS_E_00201_SE_01	12,67	10,03	37,93	
GWSS_E_00202_SE_01	8,39	14,86	40,69	
GWSS_E_00203_SE_01	5,57	26,52	37,74	
GWSS_E_00204_SE_01	7,19	25,71	21,88	
GWSS_E_00205_SE_01	9,61	17,68	29,81	
GWSS_E_00206_SE_01	9,16	14,03	40,63	
GWSS_E_00207_SE_01	9,07	14,10	31,21	
GWSS_E_00208_SE_01	5,64	21,15	36,59	
GWSS_E_00209_SE_01	0,61	218,00	30,00	
GWSS_E_00210_SE_01	4,49	86,85	3,70	
GWSS_E_00211_SE_01	8,79	15,60	29,50	
GWSS_E_00212_SE_01	15,54	10,93	40,11	
GWSS_E_00213_SE_01	5,36	19,49	29,58	
GWSS_E_00214_SE_01	3,38	42,92	24,00	
GWSS_E_00215_SE_01	2,16	63,43	21,43	
GWSS_E_00216_SE_01	2,41	57,72	16,00	
GWSS_E_00217_SE_01	6,32	190,94	8,33	
GWSS_E_00218_SE_01	2,94	92,10	4,76	
GWSS_E_00219_SE_01	14,72	364,76	1,68	
GWSS_E_00220_SE_01	21,66	729,62	1,23	
GWSS_E_00221_SE_01	3,36	35,35	20,00	
GWSS_E_00222_SE_01	1,69	64,27	13,33	
GWSS_E_00223_SE_01	12,14	142,62	4,35	
GWSS_E_00224_SE_01	4,79	31,72	8,00	
GWSS_E_00225_SE_01	3,21	101,81	5,88	
GWSS_E_00226_SE_01	2,30	56,92	13,73	
GWSS_E_00227_SE_01	8,45	16,45	38,65	
GWSS_E_00228_SE_01	4,24	62,44	24,11	
GWSS_E_00229_SE_01	6,77	19,08	29,49	
GWSS_E_00230_SE_01	3,21	48,46	25,49	
GWSS_E_00231_SE_01	3,74	33,80	29,10	
GWSS_E_00232_SE_01	4,03	35,19	34,40	
GWSS_E_00233_SE_01	1,37	96,17	13,33	
GWSS_E_00234_SE_01	2,10	159,29	3,39	
GWSS_E_00235_SE_01	6,06	23,78	39,00	
GWSS_E_00236_SE_01	3,32	42,04	39,01	
GWSS_E_00237_SE_01	2,76	51,53	25,00	
GWSS_E_00238_SE_01	3,23	42,84	34,74	
GWSS_E_00239_SE_01	4,63	23,23	40,44	
GWSS_E_00240_SE_01	7,52	16,36	45,05	
GWSS_E_00241_SE_01	1,92	52,02	31,58	
GWSS_E_00242_SE_01	4,82	27,10	34,66	
GWSS_E_00243_SE_01	1,49	68,46	28,21	
GWSS_E_00244_SE_01	3,74	29,30	31,58	
GWSS_E_00245_SE_01	3,52	53,30	19,81	
GWSS_E_00246_SE_01	5,16	24,04	34,80	
GWSS_E_00247_SE_01	5,06	21,14	36,18	
GWSS_E_00248_SE_01	4,16	28,63	32,03	
GWSS_E_00300_SE_01	0,22	431,50	0,00	
GWSS_E_00300_SE_02	10,53	11,71	39,13	
GWSS_E_00301_SE_01	0,34	201,00	50,00	
GWSS_E_00301_SE_02	12,67	9,21	47,06	
GWSS_E_00302_SE_01	0,27	348,00	66,67	
GWSS_E_00302_SE_02	8,21	11,94	46,88	
GWSS_E_00303_SE_01	0,52	145,50	50,00	
GWSS_E_00303_SE_02	9,74	10,39	48,39	
GWSS_E_00304_SE_01	0,19	498,50	0,00	
GWSS_E_00304_SE_02	5,52	17,51	32,20	
GWSS_E_00305_SE_01	2,20	50,77	15,38	
GWSS_E_00305_SE_02	9,92	8,24	9,52	
GWSS_E_00306_SE_01	0,27	407,00	0,00	
GWSS_E_00306_SE_02	3,96	28,12	24,49	
GWSS_E_00307_SE_01	0,86	80,86	57,14	
GWSS_E_00307_SE_02	1,76	40,88	35,29	
GWSS_E_00308_SE_01	0,40	150,33	0,00	
GWSS_E_00308_SE_02	9,45	12,17	35,56	
GWSS_E_00309_SE_01	0,24	366,00	0,00	
GWSS_E_00309_SE_02	7,83	13,77	35,59	
GWSS_E_00310_SE_01	0,43	161,00	20,00	
GWSS_E_00310_SE_02	4,37	26,70	30,43	
GWSS_E_00311_SE_01	0,69	181,63	25,00	
GWSS_E_00311_SE_02	6,54	15,71	29,41	
GWSS_E_00312_SE_01	1,17	88,29	71,43	
GWSS_E_00312_SE_02	9,11	14,30	37,50	
GWSS_E_00313_SE_01	0,34	253,00	50,00	
GWSS_E_00313_SE_02	10,78	10,82	43,66	
GWSS_E_00314_SE_01	0,62	135,25	50,00	
GWSS_E_00314_SE_02	6,74	20,62	20,69	
GWSS_E_00315_SE_01	0,20	514,00	0,00	
GWSS_E_00315_SE_02	1,39	60,18	17,65	
GWSS_E_00316_SE_01	0,55	223,50	25,00	
GWSS_E_00316_SE_02	17,40	6,47	47,44	
GWSS_E_00317_SE_01	0,22	364,50	50,00	
GWSS_E_00317_SE_02	9,19	11,19	41,67	
GWSS_E_00318_SE_01	0,17	458,00	0,00	
GWSS_E_00318_SE_02	7,32	16,96	28,21	
