Speech Event	lemmas	tokens	GOETHE_A1 lemmas	GOETHE_A1 tokens	GOETHE_A1 lemmas ratio	GOETHE_A1 tokens ratio	GOETHE_A2 lemmas	GOETHE_A2 tokens	GOETHE_A2 lemmas ratio	GOETHE_A2 tokens ratio	GOETHE_B1 lemmas	GOETHE_B1 tokens	GOETHE_B1 lemmas ratio	GOETHE_B1 tokens ratio	HERDER_1000 lemmas	HERDER_1000 tokens	HERDER_1000 lemmas ratio	HERDER_1000 tokens ratio	HERDER_2000 lemmas	HERDER_2000 tokens	HERDER_2000 lemmas ratio	HERDER_2000 tokens ratio	HERDER_3000 lemmas	HERDER_3000 tokens	HERDER_3000 lemmas ratio	HERDER_3000 tokens ratio	HERDER_4000 lemmas	HERDER_4000 tokens	HERDER_4000 lemmas ratio	HERDER_4000 tokens ratio	HERDER_5000 lemmas	HERDER_5000 tokens	HERDER_5000 lemmas ratio	HERDER_5000 tokens ratio	
FOLK_E_00001_SE_01	880	6444	251	4681	0.29	0.73	352	5028	0.40	0.78	505	5445	0.57	0.84	373	4930	0.42	0.77	473	5229	0.54	0.81	521	5327	0.59	0.83	548	5378	0.62	0.83	559	5413	0.64	0.84
FOLK_E_00002_SE_01	673	2801	259	1975	0.38	0.71	361	2230	0.54	0.80	457	2359	0.68	0.84	301	2048	0.45	0.73	376	2179	0.56	0.78	422	2267	0.63	0.81	455	2325	0.68	0.83	473	2352	0.70	0.84
FOLK_E_00003_SE_01	601	3749	189	2597	0.31	0.69	257	2924	0.43	0.78	364	3219	0.61	0.86	303	3024	0.50	0.81	353	3109	0.59	0.83	386	3175	0.64	0.85	401	3198	0.67	0.85	416	3230	0.69	0.86
FOLK_E_00004_SE_01	1217	9535	307	6991	0.25	0.73	457	7669	0.38	0.80	702	8322	0.58	0.87	490	7696	0.40	0.81	655	8016	0.54	0.84	740	8192	0.61	0.86	790	8279	0.65	0.87	818	8336	0.67	0.87
FOLK_E_00005_SE_01	837	6322	247	4629	0.30	0.73	339	5095	0.41	0.81	475	5448	0.57	0.86	346	4914	0.41	0.78	438	5197	0.52	0.82	481	5316	0.57	0.84	512	5373	0.61	0.85	528	5413	0.63	0.86
FOLK_E_00006_SE_01	855	5085	253	3661	0.30	0.72	339	3977	0.40	0.78	495	4312	0.58	0.85	373	3926	0.44	0.77	456	4123	0.53	0.81	500	4210	0.58	0.83	528	4255	0.62	0.84	546	4281	0.64	0.84
FOLK_E_00007_SE_01	1155	9190	281	6664	0.24	0.73	410	7339	0.35	0.80	629	7962	0.54	0.87	423	7195	0.37	0.78	558	7520	0.48	0.82	639	7683	0.55	0.84	685	7799	0.59	0.85	715	7841	0.62	0.85
FOLK_E_00008_SE_01	959	5759	257	4144	0.27	0.72	365	4498	0.38	0.78	521	4845	0.54	0.84	393	4399	0.41	0.76	480	4570	0.50	0.79	531	4671	0.55	0.81	563	4722	0.59	0.82	582	4753	0.61	0.83
FOLK_E_00009_SE_01	758	4529	229	3314	0.30	0.73	317	3561	0.42	0.79	448	3843	0.59	0.85	344	3525	0.45	0.78	419	3674	0.55	0.81	454	3729	0.60	0.82	483	3773	0.64	0.83	503	3811	0.66	0.84
FOLK_E_00010_SE_01	536	4937	212	3713	0.40	0.75	295	4067	0.55	0.82	375	4348	0.70	0.88	276	3889	0.51	0.79	316	4005	0.59	0.81	339	4104	0.63	0.83	354	4161	0.66	0.84	364	4215	0.68	0.85
FOLK_E_00011_SE_01	1156	19568	328	15529	0.28	0.79	472	16640	0.41	0.85	668	17595	0.58	0.90	406	16433	0.35	0.84	518	16828	0.45	0.86	578	17088	0.50	0.87	617	17380	0.53	0.89	641	17421	0.55	0.89
FOLK_E_00012_SE_01	427	4680	189	3811	0.44	0.81	258	4066	0.60	0.87	314	4275	0.74	0.91	239	3933	0.56	0.84	277	4046	0.65	0.86	298	4079	0.70	0.87	309	4102	0.72	0.88	318	4116	0.74	0.88
FOLK_E_00013_SE_01	728	3727	249	2700	0.34	0.72	338	2947	0.46	0.79	443	3209	0.61	0.86	288	2713	0.40	0.73	354	2891	0.49	0.78	395	2983	0.54	0.80	430	3078	0.59	0.83	450	3109	0.62	0.83
FOLK_E_00014_SE_01	543	3300	225	2553	0.41	0.77	320	2836	0.59	0.86	391	2965	0.72	0.90	265	2642	0.49	0.80	322	2793	0.59	0.85	349	2827	0.64	0.86	371	2885	0.68	0.87	382	2901	0.70	0.88
FOLK_E_00015_SE_01	992	7157	250	5150	0.25	0.72	337	5636	0.34	0.79	513	6150	0.52	0.86	402	5733	0.41	0.80	509	5978	0.51	0.84	562	6062	0.57	0.85	595	6115	0.60	0.85	619	6151	0.62	0.86
FOLK_E_00016_SE_01	614	4364	240	3095	0.39	0.71	338	3461	0.55	0.79	427	3697	0.70	0.85	290	3237	0.47	0.74	356	3437	0.58	0.79	394	3532	0.64	0.81	421	3598	0.69	0.82	434	3619	0.71	0.83
FOLK_E_00017_SE_01	384	1505	170	1073	0.44	0.71	235	1249	0.61	0.83	270	1285	0.70	0.85	192	1118	0.50	0.74	223	1184	0.58	0.79	242	1224	0.63	0.81	258	1244	0.67	0.83	273	1271	0.71	0.84
FOLK_E_00018_SE_01	650	3963	284	3114	0.44	0.79	386	3411	0.59	0.86	472	3607	0.73	0.91	332	3256	0.51	0.82	397	3401	0.61	0.86	437	3460	0.67	0.87	460	3523	0.71	0.89	470	3546	0.72	0.89
FOLK_E_00020_SE_01	651	3930	260	2920	0.40	0.74	363	3221	0.56	0.82	448	3385	0.69	0.86	297	3058	0.46	0.78	360	3189	0.55	0.81	406	3273	0.62	0.83	427	3331	0.66	0.85	441	3350	0.68	0.85
FOLK_E_00021_SE_01	2796	46529	488	35868	0.17	0.77	753	38623	0.27	0.83	1170	41000	0.42	0.88	625	37923	0.22	0.82	896	39398	0.32	0.85	1044	39875	0.37	0.86	1167	40474	0.42	0.87	1264	40693	0.45	0.87
FOLK_E_00022_SE_01	1713	18459	423	14007	0.25	0.76	650	15503	0.38	0.84	961	16585	0.56	0.90	555	15422	0.32	0.84	778	16005	0.45	0.87	895	16230	0.52	0.88	979	16406	0.57	0.89	1040	16500	0.61	0.89
FOLK_E_00024_SE_01	2222	31074	457	24253	0.21	0.78	726	26471	0.33	0.85	1128	28206	0.51	0.91	596	25976	0.27	0.84	863	27026	0.39	0.87	1024	27393	0.46	0.88	1146	27683	0.52	0.89	1216	27838	0.55	0.90
FOLK_E_00026_SE_01	2271	30123	462	23404	0.20	0.78	723	25650	0.32	0.85	1169	27368	0.51	0.91	628	25474	0.28	0.85	937	26401	0.41	0.88	1101	26761	0.48	0.89	1231	27080	0.54	0.90	1310	27228	0.58	0.90
FOLK_E_00027_SE_01	687	4670	244	3647	0.36	0.78	348	4003	0.51	0.86	448	4237	0.65	0.91	334	3869	0.49	0.83	400	3993	0.58	0.86	432	4080	0.63	0.87	456	4126	0.66	0.88	471	4147	0.69	0.89
FOLK_E_00028_SE_01	854	3997	175	2555	0.20	0.64	251	2815	0.29	0.70	394	3119	0.46	0.78	324	2921	0.38	0.73	399	3074	0.47	0.77	443	3135	0.52	0.78	474	3176	0.56	0.79	500	3217	0.59	0.80
FOLK_E_00029_SE_01	342	1779	142	1318	0.42	0.74	185	1438	0.54	0.81	239	1555	0.70	0.87	196	1423	0.57	0.80	218	1469	0.64	0.83	234	1486	0.68	0.84	242	1501	0.71	0.84	247	1522	0.72	0.86
FOLK_E_00030_SE_01	1248	8940	334	6686	0.27	0.75	461	7234	0.37	0.81	618	7639	0.50	0.85	389	6861	0.31	0.77	486	7142	0.39	0.80	534	7253	0.43	0.81	578	7342	0.46	0.82	604	7389	0.48	0.83
FOLK_E_00031_SE_01	437	2277	151	1660	0.35	0.73	200	1784	0.46	0.78	275	1920	0.63	0.84	227	1787	0.52	0.78	258	1842	0.59	0.81	268	1860	0.61	0.82	281	1890	0.64	0.83	286	1909	0.65	0.84
FOLK_E_00032_SE_01	719	3622	196	2404	0.27	0.66	274	2692	0.38	0.74	402	2977	0.56	0.82	337	2800	0.47	0.77	419	2919	0.58	0.81	464	3006	0.65	0.83	489	3050	0.68	0.84	507	3086	0.71	0.85
FOLK_E_00033_SE_01	795	4643	208	3274	0.26	0.71	278	3519	0.35	0.76	420	3862	0.53	0.83	346	3624	0.44	0.78	436	3807	0.55	0.82	491	3904	0.62	0.84	512	3938	0.64	0.85	533	3970	0.67	0.86
FOLK_E_00034_SE_01	770	4190	186	2892	0.24	0.69	265	3130	0.34	0.75	405	3442	0.53	0.82	334	3186	0.43	0.76	422	3376	0.55	0.81	465	3497	0.60	0.83	493	3534	0.64	0.84	516	3566	0.67	0.85
FOLK_E_00035_SE_01	824	4094	214	2789	0.26	0.68	303	3064	0.37	0.75	468	3430	0.57	0.84	370	3124	0.45	0.76	449	3279	0.54	0.80	495	3369	0.60	0.82	523	3403	0.63	0.83	545	3430	0.66	0.84
FOLK_E_00036_SE_01	766	4301	211	2928	0.28	0.68	282	3182	0.37	0.74	417	3589	0.54	0.83	343	3375	0.45	0.78	426	3564	0.56	0.83	473	3645	0.62	0.85	504	3704	0.66	0.86	519	3735	0.68	0.87
FOLK_E_00037_SE_01	714	3133	189	2035	0.26	0.65	248	2233	0.35	0.71	375	2527	0.53	0.81	303	2357	0.42	0.75	383	2492	0.54	0.80	422	2571	0.59	0.82	450	2610	0.63	0.83	473	2641	0.66	0.84
FOLK_E_00038_SE_01	642	3051	187	2002	0.29	0.66	256	2234	0.40	0.73	380	2543	0.59	0.83	319	2323	0.50	0.76	380	2451	0.59	0.80	412	2508	0.64	0.82	436	2555	0.68	0.84	451	2578	0.70	0.84
FOLK_E_00039_SE_01	1036	7727	356	5962	0.34	0.77	501	6495	0.48	0.84	678	6864	0.65	0.89	396	6176	0.38	0.80	528	6444	0.51	0.83	587	6525	0.57	0.84	633	6611	0.61	0.86	663	6652	0.64	0.86
FOLK_E_00040_SE_01	1064	7858	333	5908	0.31	0.75	457	6421	0.43	0.82	624	6801	0.59	0.87	409	6211	0.38	0.79	505	6470	0.47	0.82	558	6566	0.52	0.84	598	6655	0.56	0.85	616	6688	0.58	0.85
FOLK_E_00042_SE_01	1387	14789	384	11730	0.28	0.79	551	12699	0.40	0.86	777	13497	0.56	0.91	515	12593	0.37	0.85	674	13000	0.49	0.88	768	13161	0.55	0.89	834	13309	0.60	0.90	877	13375	0.63	0.90
FOLK_E_00043_SE_01	503	2247	203	1713	0.40	0.76	285	1903	0.57	0.85	343	2001	0.68	0.89	247	1816	0.49	0.81	303	1902	0.60	0.85	331	1940	0.66	0.86	348	1960	0.69	0.87	363	1985	0.72	0.88
FOLK_E_00044_SE_01	861	6499	260	4974	0.30	0.77	362	5428	0.42	0.84	508	5820	0.59	0.90	371	5327	0.43	0.82	465	5539	0.54	0.85	511	5609	0.59	0.86	545	5701	0.63	0.88	563	5737	0.65	0.88
FOLK_E_00045_SE_01	720	5388	268	4194	0.37	0.78	360	4535	0.50	0.84	478	4830	0.66	0.90	334	4385	0.46	0.81	405	4556	0.56	0.85	435	4603	0.60	0.85	464	4662	0.64	0.87	482	4687	0.67	0.87
FOLK_E_00046_SE_01	884	7362	310	5804	0.35	0.79	459	6418	0.52	0.87	606	6806	0.69	0.92	403	6194	0.46	0.84	514	6477	0.58	0.88	575	6582	0.65	0.89	617	6667	0.70	0.91	626	6684	0.71	0.91
FOLK_E_00047_SE_01	989	8478	324	6668	0.33	0.79	467	7356	0.47	0.87	629	7741	0.64	0.91	380	7010	0.38	0.83	503	7308	0.51	0.86	563	7437	0.57	0.88	607	7531	0.61	0.89	632	7565	0.64	0.89
FOLK_E_00048_SE_01	1174	11368	369	8944	0.31	0.79	534	9800	0.45	0.86	718	10422	0.61	0.92	434	9536	0.37	0.84	586	9897	0.50	0.87	659	10098	0.56	0.89	708	10209	0.60	0.90	734	10246	0.63	0.90
FOLK_E_00049_SE_01	896	5826	303	4566	0.34	0.78	418	4930	0.47	0.85	560	5260	0.63	0.90	378	4786	0.42	0.82	484	5026	0.54	0.86	537	5111	0.60	0.88	569	5176	0.64	0.89	585	5205	0.65	0.89
FOLK_E_00050_SE_01	466	2037	183	1502	0.39	0.74	238	1651	0.51	0.81	297	1755	0.64	0.86	227	1613	0.49	0.79	261	1665	0.56	0.82	283	1697	0.61	0.83	300	1726	0.64	0.85	309	1739	0.66	0.85
FOLK_E_00052_SE_01	740	3858	241	2766	0.33	0.72	330	3043	0.45	0.79	442	3257	0.60	0.84	308	2948	0.42	0.76	376	3089	0.51	0.80	412	3158	0.56	0.82	440	3200	0.59	0.83	457	3232	0.62	0.84
FOLK_E_00053_SE_01	543	2904	233	2272	0.43	0.78	313	2474	0.58	0.85	384	2623	0.71	0.90	264	2396	0.49	0.83	324	2482	0.60	0.85	355	2524	0.65	0.87	376	2565	0.69	0.88	384	2576	0.71	0.89
FOLK_E_00055_SE_01	2283	28515	519	22196	0.23	0.78	793	24372	0.35	0.85	1220	26056	0.53	0.91	634	24029	0.28	0.84	942	24953	0.41	0.88	1106	25311	0.48	0.89	1241	25616	0.54	0.90	1318	25745	0.58	0.90
FOLK_E_00056_SE_01	943	5279	223	3493	0.24	0.66	320	3825	0.34	0.72	479	4259	0.51	0.81	381	3929	0.40	0.74	469	4075	0.50	0.77	515	4148	0.55	0.79	553	4203	0.59	0.80	580	4259	0.62	0.81
FOLK_E_00057_SE_01	1240	7925	260	5577	0.21	0.70	379	6076	0.31	0.77	594	6667	0.48	0.84	436	6180	0.35	0.78	573	6470	0.46	0.82	652	6610	0.53	0.83	699	6692	0.56	0.84	727	6736	0.59	0.85
FOLK_E_00058_SE_01	1294	8950	306	6492	0.24	0.73	435	7157	0.34	0.80	653	7730	0.50	0.86	484	7154	0.37	0.80	613	7404	0.47	0.83	705	7532	0.54	0.84	756	7656	0.58	0.86	796	7708	0.62	0.86
FOLK_E_00059_SE_01	1233	7355	287	5227	0.23	0.71	402	5592	0.33	0.76	613	6071	0.50	0.83	460	5624	0.37	0.76	605	5885	0.49	0.80	691	6026	0.56	0.82	742	6099	0.60	0.83	781	6167	0.63	0.84
FOLK_E_00060_SE_01	881	4976	215	3209	0.24	0.64	300	3516	0.34	0.71	466	3938	0.53	0.79	371	3613	0.42	0.73	478	3897	0.54	0.78	526	3998	0.60	0.80	556	4073	0.63	0.82	584	4111	0.66	0.83
FOLK_E_00061_SE_01	795	4446	214	3146	0.27	0.71	290	3431	0.36	0.77	446	3765	0.56	0.85	344	3470	0.43	0.78	433	3647	0.54	0.82	474	3708	0.60	0.83	503	3755	0.63	0.84	519	3775	0.65	0.85
FOLK_E_00062_SE_01	985	3980	241	2624	0.24	0.66	336	2911	0.34	0.73	494	3213	0.50	0.81	395	2908	0.40	0.73	496	3055	0.50	0.77	548	3148	0.56	0.79	587	3197	0.60	0.80	612	3232	0.62	0.81
FOLK_E_00064_SE_01	4079	46420	458	33434	0.11	0.72	725	36499	0.18	0.79	1412	40359	0.35	0.87	779	36196	0.19	0.78	1287	38298	0.32	0.83	1585	39276	0.39	0.85	1803	39757	0.44	0.86	1940	40036	0.48	0.86
FOLK_E_00066_SE_01	2676	22868	490	16563	0.18	0.72	750	18006	0.28	0.79	1188	19440	0.44	0.85	626	17805	0.23	0.78	916	18756	0.34	0.82	1100	19097	0.41	0.84	1242	19434	0.46	0.85	1319	19560	0.49	0.86
FOLK_E_00068_SE_01	3975	46523	465	33614	0.12	0.72	735	36725	0.18	0.79	1388	40307	0.35	0.87	763	35989	0.19	0.77	1238	37857	0.31	0.81	1515	38922	0.38	0.84	1712	39416	0.43	0.85	1846	39700	0.46	0.85
FOLK_E_00069_SE_01	4044	46867	458	33585	0.11	0.72	712	36656	0.18	0.78	1355	40226	0.34	0.86	760	36558	0.19	0.78	1218	38353	0.30	0.82	1473	39178	0.36	0.84	1688	39745	0.42	0.85	1821	40230	0.45	0.86
FOLK_E_00070_SE_01	4157	48210	456	34504	0.11	0.72	720	37495	0.17	0.78	1392	41444	0.33	0.86	780	37539	0.19	0.78	1260	39444	0.30	0.82	1540	40361	0.37	0.84	1771	40993	0.43	0.85	1905	41475	0.46	0.86
FOLK_E_00074_SE_01	780	5355	269	3966	0.34	0.74	378	4354	0.48	0.81	528	4702	0.68	0.88	368	4336	0.47	0.81	463	4538	0.59	0.85	511	4612	0.66	0.86	535	4649	0.69	0.87	546	4685	0.70	0.87
FOLK_E_00076_SE_01	548	1883	192	1250	0.35	0.66	255	1371	0.47	0.73	331	1497	0.60	0.80	226	1286	0.41	0.68	284	1390	0.52	0.74	318	1440	0.58	0.76	343	1483	0.63	0.79	360	1518	0.66	0.81
FOLK_E_00077_SE_01	741	3735	262	2793	0.35	0.75	358	3060	0.48	0.82	465	3292	0.63	0.88	325	2957	0.44	0.79	407	3089	0.55	0.83	436	3126	0.59	0.84	471	3192	0.64	0.85	492	3221	0.66	0.86
FOLK_E_00079_SE_01	714	3632	265	2815	0.37	0.78	364	3075	0.51	0.85	458	3240	0.64	0.89	317	2932	0.44	0.81	404	3074	0.57	0.85	440	3128	0.62	0.86	466	3169	0.65	0.87	477	3191	0.67	0.88
FOLK_E_00080_SE_01	456	2244	194	1730	0.43	0.77	261	1914	0.57	0.85	328	2014	0.72	0.90	253	1835	0.55	0.82	295	1906	0.65	0.85	314	1929	0.69	0.86	334	1954	0.73	0.87	348	1977	0.76	0.88
FOLK_E_00081_SE_01	291	1004	142	774	0.49	0.77	180	853	0.62	0.85	227	910	0.78	0.91	179	851	0.62	0.85	201	877	0.69	0.87	210	886	0.72	0.88	216	895	0.74	0.89	220	903	0.76	0.90
FOLK_E_00082_SE_01	940	8783	271	6721	0.29	0.77	389	7383	0.41	0.84	555	7868	0.59	0.90	391	7260	0.42	0.83	495	7499	0.53	0.85	545	7644	0.58	0.87	580	7708	0.62	0.88	597	7728	0.64	0.88
FOLK_E_00083_SE_01	716	5124	238	3907	0.33	0.76	330	4217	0.46	0.82	446	4543	0.62	0.89	316	4083	0.44	0.80	394	4303	0.55	0.84	422	4347	0.59	0.85	442	4423	0.62	0.86	458	4459	0.64	0.87
FOLK_E_00084_SE_01	1317	13955	362	10686	0.27	0.77	541	11827	0.41	0.85	774	12776	0.59	0.92	478	11833	0.36	0.85	651	12267	0.49	0.88	721	12389	0.55	0.89	778	12556	0.59	0.90	811	12613	0.62	0.90
FOLK_E_00085_SE_01	214	656	115	501	0.54	0.76	142	548	0.66	0.84	174	591	0.81	0.90	141	534	0.66	0.81	158	560	0.74	0.85	164	567	0.77	0.86	171	574	0.80	0.88	176	579	0.82	0.88
FOLK_E_00086_SE_01	338	2499	152	1908	0.45	0.76	189	2005	0.56	0.80	248	2232	0.73	0.89	180	1938	0.53	0.78	219	2125	0.65	0.85	233	2169	0.69	0.87	243	2184	0.72	0.87	247	2200	0.73	0.88
FOLK_E_00087_SE_01	310	1773	150	1351	0.48	0.76	190	1480	0.61	0.83	237	1615	0.76	0.91	184	1426	0.59	0.80	210	1492	0.68	0.84	222	1517	0.72	0.86	227	1530	0.73	0.86	232	1543	0.75	0.87
FOLK_E_00088_SE_01	560	2869	217	2187	0.39	0.76	298	2390	0.53	0.83	382	2579	0.68	0.90	298	2384	0.53	0.83	359	2474	0.64	0.86	383	2524	0.68	0.88	405	2555	0.72	0.89	413	2567	0.74	0.89
FOLK_E_00089_SE_01	393	2949	166	2226	0.42	0.75	210	2454	0.53	0.83	276	2662	0.70	0.90	213	2410	0.54	0.82	243	2503	0.62	0.85	256	2546	0.65	0.86	267	2583	0.68	0.88	277	2610	0.70	0.89
FOLK_E_00090_SE_01	353	2669	159	2011	0.45	0.75	199	2179	0.56	0.82	250	2396	0.71	0.90	186	2181	0.53	0.82	219	2288	0.62	0.86	235	2321	0.67	0.87	247	2350	0.70	0.88	258	2370	0.73	0.89
FOLK_E_00091_SE_01	365	2726	159	2086	0.44	0.77	196	2206	0.54	0.81	257	2462	0.70	0.90	191	2130	0.52	0.78	228	2284	0.62	0.84	240	2326	0.66	0.85	252	2358	0.69	0.87	257	2374	0.70	0.87
FOLK_E_00092_SE_01	336	1560	137	1129	0.41	0.72	199	1269	0.59	0.81	249	1365	0.74	0.88	207	1262	0.62	0.81	236	1321	0.70	0.85	243	1332	0.72	0.85	254	1346	0.76	0.86	259	1352	0.77	0.87
FOLK_E_00093_SE_01	371	2646	173	1944	0.47	0.73	218	2075	0.59	0.78	283	2351	0.76	0.89	212	2096	0.57	0.79	247	2198	0.67	0.83	264	2252	0.71	0.85	281	2307	0.76	0.87	289	2336	0.78	0.88
FOLK_E_00094_SE_01	353	2805	151	1962	0.43	0.70	186	2143	0.53	0.76	247	2424	0.70	0.86	188	2081	0.53	0.74	218	2223	0.62	0.79	230	2270	0.65	0.81	239	2293	0.68	0.82	246	2308	0.70	0.82
FOLK_E_00095_SE_01	349	2536	167	1966	0.48	0.78	214	2104	0.61	0.83	262	2319	0.75	0.91	206	2055	0.59	0.81	234	2187	0.67	0.86	248	2220	0.71	0.88	259	2250	0.74	0.89	261	2269	0.75	0.89
FOLK_E_00096_SE_01	228	960	106	712	0.46	0.74	129	734	0.57	0.76	169	854	0.74	0.89	123	716	0.54	0.75	151	791	0.66	0.82	160	810	0.70	0.84	168	821	0.74	0.86	170	825	0.75	0.86
FOLK_E_00097_SE_01	296	1595	138	1133	0.47	0.71	182	1260	0.61	0.79	233	1433	0.79	0.90	178	1222	0.60	0.77	203	1279	0.69	0.80	217	1312	0.73	0.82	227	1336	0.77	0.84	233	1352	0.79	0.85
FOLK_E_00098_SE_01	214	1297	111	997	0.52	0.77	133	1076	0.62	0.83	171	1181	0.80	0.91	129	1043	0.60	0.80	149	1083	0.70	0.84	157	1115	0.73	0.86	160	1120	0.75	0.86	166	1137	0.78	0.88
FOLK_E_00099_SE_01	318	2807	152	2143	0.48	0.76	185	2318	0.58	0.83	235	2558	0.74	0.91	174	2280	0.55	0.81	205	2396	0.64	0.85	220	2427	0.69	0.86	229	2459	0.72	0.88	235	2493	0.74	0.89
FOLK_E_00100_SE_01	399	2963	155	2152	0.39	0.73	207	2369	0.52	0.80	262	2605	0.66	0.88	201	2314	0.50	0.78	234	2457	0.59	0.83	247	2488	0.62	0.84	261	2520	0.65	0.85	268	2547	0.67	0.86
FOLK_E_00101_SE_01	333	3020	152	2326	0.46	0.77	191	2514	0.57	0.83	245	2733	0.74	0.90	191	2485	0.57	0.82	226	2602	0.68	0.86	233	2614	0.70	0.87	245	2671	0.74	0.88	252	2695	0.76	0.89
FOLK_E_00102_SE_01	255	1415	122	1097	0.48	0.78	151	1177	0.59	0.83	196	1276	0.77	0.90	146	1149	0.57	0.81	175	1204	0.69	0.85	184	1220	0.72	0.86	192	1236	0.75	0.87	197	1247	0.77	0.88
FOLK_E_00103_SE_01	374	3978	175	2957	0.47	0.74	210	3195	0.56	0.80	269	3561	0.72	0.90	210	3185	0.56	0.80	243	3360	0.65	0.84	254	3416	0.68	0.86	270	3457	0.72	0.87	274	3484	0.73	0.88
FOLK_E_00104_SE_01	237	1260	125	1003	0.53	0.80	150	1071	0.63	0.85	182	1144	0.77	0.91	142	999	0.60	0.79	163	1043	0.69	0.83	168	1058	0.71	0.84	174	1068	0.73	0.85	179	1076	0.76	0.85
FOLK_E_00105_SE_01	517	4745	207	3434	0.40	0.72	263	3851	0.51	0.81	346	4215	0.67	0.89	253	3801	0.49	0.80	307	4069	0.59	0.86	329	4128	0.64	0.87	348	4181	0.67	0.88	355	4203	0.69	0.89
FOLK_E_00106_SE_01	290	1778	142	1323	0.49	0.74	181	1459	0.62	0.82	227	1629	0.78	0.92	173	1441	0.60	0.81	199	1513	0.69	0.85	210	1537	0.72	0.86	223	1572	0.77	0.88	227	1584	0.78	0.89
FOLK_E_00107_SE_01	211	1066	125	855	0.59	0.80	149	914	0.71	0.86	175	996	0.83	0.93	139	893	0.66	0.84	154	931	0.73	0.87	159	938	0.75	0.88	164	953	0.78	0.89	168	971	0.80	0.91
FOLK_E_00108_SE_01	302	2017	155	1507	0.51	0.75	189	1632	0.63	0.81	235	1868	0.78	0.93	177	1621	0.59	0.80	208	1736	0.69	0.86	217	1768	0.72	0.88	225	1802	0.75	0.89	231	1825	0.76	0.90
FOLK_E_00109_SE_01	255	1425	129	1102	0.51	0.77	158	1175	0.62	0.82	194	1300	0.76	0.91	142	1126	0.56	0.79	167	1211	0.65	0.85	174	1234	0.68	0.87	181	1255	0.71	0.88	189	1272	0.74	0.89
FOLK_E_00110_SE_01	348	2920	162	2164	0.47	0.74	195	2354	0.56	0.81	254	2623	0.73	0.90	189	2264	0.54	0.78	219	2388	0.63	0.82	236	2431	0.68	0.83	247	2500	0.71	0.86	254	2534	0.73	0.87
FOLK_E_00111_SE_01	507	2356	186	1765	0.37	0.75	252	1933	0.50	0.82	327	2084	0.64	0.88	239	1868	0.47	0.79	286	1951	0.56	0.83	317	2001	0.63	0.85	337	2033	0.66	0.86	349	2045	0.69	0.87
FOLK_E_00112_SE_01	483	1825	207	1402	0.43	0.77	257	1489	0.53	0.82	332	1607	0.69	0.88	243	1437	0.50	0.79	279	1496	0.58	0.82	308	1530	0.64	0.84	330	1558	0.68	0.85	339	1568	0.70	0.86
FOLK_E_00113_SE_01	280	1239	138	977	0.49	0.79	165	1059	0.59	0.85	207	1124	0.74	0.91	161	1023	0.58	0.83	184	1050	0.66	0.85	190	1057	0.68	0.85	199	1074	0.71	0.87	207	1083	0.74	0.87
FOLK_E_00114_SE_01	1067	8552	330	6508	0.31	0.76	482	7079	0.45	0.83	688	7682	0.64	0.90	438	7010	0.41	0.82	580	7303	0.54	0.85	645	7426	0.60	0.87	697	7502	0.65	0.88	723	7542	0.68	0.88
FOLK_E_00115_SE_01	718	3674	271	2730	0.38	0.74	370	2978	0.52	0.81	495	3252	0.69	0.89	343	2926	0.48	0.80	427	3042	0.59	0.83	471	3110	0.66	0.85	499	3147	0.69	0.86	512	3166	0.71	0.86
FOLK_E_00116_SE_01	158	452	97	349	0.61	0.77	111	365	0.70	0.81	127	405	0.80	0.90	96	342	0.61	0.76	115	368	0.73	0.81	120	375	0.76	0.83	125	384	0.79	0.85	126	385	0.80	0.85
FOLK_E_00117_SE_01	627	3160	229	2415	0.37	0.76	310	2626	0.49	0.83	413	2807	0.66	0.89	281	2518	0.45	0.80	343	2620	0.55	0.83	376	2667	0.60	0.84	407	2721	0.65	0.86	422	2739	0.67	0.87
FOLK_E_00118_SE_01	874	4867	287	3745	0.33	0.77	401	4030	0.46	0.83	567	4362	0.65	0.90	359	3905	0.41	0.80	469	4099	0.54	0.84	519	4173	0.59	0.86	559	4232	0.64	0.87	585	4261	0.67	0.88
FOLK_E_00119_SE_01	956	6320	307	4695	0.32	0.74	453	5258	0.47	0.83	596	5559	0.62	0.88	386	5020	0.40	0.79	492	5283	0.51	0.84	554	5388	0.58	0.85	594	5459	0.62	0.86	618	5495	0.65	0.87
FOLK_E_00120_SE_01	726	4566	230	3399	0.32	0.74	337	3756	0.46	0.82	485	4077	0.67	0.89	359	3716	0.49	0.81	447	3855	0.62	0.84	490	3941	0.67	0.86	518	3981	0.71	0.87	540	4018	0.74	0.88
FOLK_E_00121_SE_01	1313	11256	309	8195	0.24	0.73	468	9065	0.36	0.81	730	9938	0.56	0.88	492	8980	0.37	0.80	657	9389	0.50	0.83	741	9579	0.56	0.85	805	9692	0.61	0.86	847	9798	0.65	0.87
FOLK_E_00123_SE_01	499	2250	162	1572	0.32	0.70	211	1703	0.42	0.76	299	1883	0.60	0.84	248	1701	0.50	0.76	289	1778	0.58	0.79	316	1842	0.63	0.82	333	1860	0.67	0.83	342	1880	0.69	0.84
FOLK_E_00124_SE_01	840	4832	269	3308	0.32	0.68	373	3620	0.44	0.75	518	3958	0.62	0.82	371	3452	0.44	0.71	466	3695	0.55	0.76	512	3792	0.61	0.78	546	3878	0.65	0.80	559	3895	0.67	0.81
FOLK_E_00125_SE_01	1248	6923	314	4755	0.25	0.69	447	5179	0.36	0.75	694	5813	0.56	0.84	490	5240	0.39	0.76	658	5550	0.53	0.80	746	5701	0.60	0.82	797	5806	0.64	0.84	826	5866	0.66	0.85
FOLK_E_00126_SE_01	2267	13819	358	9252	0.16	0.67	569	10096	0.25	0.73	1023	11492	0.45	0.83	633	9994	0.28	0.72	940	10808	0.41	0.78	1130	11215	0.50	0.81	1258	11428	0.55	0.83	1334	11597	0.59	0.84
FOLK_E_00127_SE_01	724	3155	223	2160	0.31	0.68	325	2411	0.45	0.76	454	2659	0.63	0.84	324	2344	0.45	0.74	413	2501	0.57	0.79	461	2572	0.64	0.82	486	2622	0.67	0.83	503	2656	0.69	0.84
FOLK_E_00128_SE_01	1266	9910	334	7515	0.26	0.76	472	8091	0.37	0.82	710	8775	0.56	0.89	476	8043	0.38	0.81	615	8359	0.49	0.84	702	8538	0.55	0.86	759	8646	0.60	0.87	791	8706	0.62	0.88
FOLK_E_00129_SE_01	1052	7654	324	5932	0.31	0.78	462	6396	0.44	0.84	644	6769	0.61	0.88	441	6323	0.42	0.83	570	6557	0.54	0.86	626	6662	0.60	0.87	664	6715	0.63	0.88	688	6748	0.65	0.88
FOLK_E_00130_SE_01	968	6561	291	4977	0.30	0.76	415	5398	0.43	0.82	592	5832	0.61	0.89	407	5299	0.42	0.81	535	5608	0.55	0.85	601	5713	0.62	0.87	641	5774	0.66	0.88	667	5813	0.69	0.89
FOLK_E_00132_SE_01	2956	50958	445	38735	0.15	0.76	701	42598	0.24	0.84	1235	45945	0.42	0.90	679	41823	0.23	0.82	1012	43747	0.34	0.86	1190	44419	0.40	0.87	1327	44903	0.45	0.88	1428	45122	0.48	0.89
FOLK_E_00133_SE_01	652	4963	242	3940	0.37	0.79	330	4295	0.51	0.87	422	4547	0.65	0.92	295	4177	0.45	0.84	348	4306	0.53	0.87	378	4351	0.58	0.88	406	4401	0.62	0.89	421	4438	0.65	0.89
FOLK_E_00134_SE_01	478	2674	209	2094	0.44	0.78	266	2271	0.56	0.85	330	2399	0.69	0.90	258	2177	0.54	0.81	292	2262	0.61	0.85	323	2312	0.68	0.86	337	2343	0.71	0.88	348	2356	0.73	0.88
FOLK_E_00135_SE_01	321	1265	154	975	0.48	0.77	185	1030	0.58	0.81	236	1123	0.74	0.89	183	1014	0.57	0.80	217	1073	0.68	0.85	233	1095	0.73	0.87	244	1111	0.76	0.88	247	1114	0.77	0.88
FOLK_E_00136_SE_01	423	2022	172	1512	0.41	0.75	234	1643	0.55	0.81	301	1789	0.71	0.88	233	1589	0.55	0.79	283	1710	0.67	0.85	299	1735	0.71	0.86	313	1762	0.74	0.87	321	1779	0.76	0.88
FOLK_E_00137_SE_01	184	562	113	452	0.61	0.80	132	477	0.72	0.85	150	512	0.82	0.91	129	467	0.70	0.83	140	483	0.76	0.86	148	499	0.80	0.89	150	501	0.82	0.89	155	507	0.84	0.90
FOLK_E_00138_SE_01	389	2097	164	1607	0.42	0.77	213	1713	0.55	0.82	266	1860	0.68	0.89	201	1680	0.52	0.80	245	1781	0.63	0.85	260	1813	0.67	0.86	271	1834	0.70	0.87	276	1840	0.71	0.88
FOLK_E_00139_SE_01	237	959	135	767	0.57	0.80	165	829	0.70	0.86	192	874	0.81	0.91	164	800	0.69	0.83	178	845	0.75	0.88	186	860	0.78	0.90	191	866	0.81	0.90	194	869	0.82	0.91
FOLK_E_00140_SE_01	413	2193	179	1739	0.43	0.79	235	1866	0.57	0.85	294	1998	0.71	0.91	232	1822	0.56	0.83	263	1884	0.64	0.86	286	1922	0.69	0.88	301	1951	0.73	0.89	307	1958	0.74	0.89
FOLK_E_00141_SE_01	290	969	143	732	0.49	0.76	178	779	0.61	0.80	214	823	0.74	0.85	169	739	0.58	0.76	189	773	0.65	0.80	201	789	0.69	0.81	210	799	0.72	0.82	215	805	0.74	0.83
FOLK_E_00142_SE_01	310	1307	144	976	0.46	0.75	184	1048	0.59	0.80	224	1123	0.72	0.86	179	997	0.58	0.76	207	1052	0.67	0.80	220	1076	0.71	0.82	225	1091	0.73	0.83	232	1107	0.75	0.85
FOLK_E_00143_SE_01	2145	27193	492	22080	0.23	0.81	721	23372	0.34	0.86	1013	24259	0.47	0.89	526	22229	0.25	0.82	737	23338	0.34	0.86	850	23616	0.40	0.87	943	23942	0.44	0.88	1009	24087	0.47	0.89
FOLK_E_00144_SE_01	715	5761	225	4405	0.31	0.76	302	4873	0.42	0.85	444	5253	0.62	0.91	331	4851	0.46	0.84	416	5070	0.58	0.88	452	5118	0.63	0.89	482	5170	0.67	0.90	499	5195	0.70	0.90
FOLK_E_00146_SE_01	817	5805	260	4400	0.32	0.76	343	4769	0.42	0.82	481	5186	0.59	0.89	340	4658	0.42	0.80	407	4895	0.50	0.84	437	4951	0.53	0.85	466	5009	0.57	0.86	487	5058	0.60	0.87
FOLK_E_00147_SE_01	1481	13045	408	10481	0.28	0.80	595	11216	0.40	0.86	810	11656	0.55	0.89	473	10495	0.32	0.80	635	10884	0.43	0.83	715	11112	0.48	0.85	793	11262	0.54	0.86	834	11343	0.56	0.87
FOLK_E_00148_SE_01	1207	10174	317	8105	0.26	0.80	471	8694	0.39	0.85	701	9236	0.58	0.91	465	8464	0.39	0.83	612	8736	0.51	0.86	674	8836	0.56	0.87	720	8913	0.60	0.88	759	8964	0.63	0.88
FOLK_E_00150_SE_01	457	1871	174	1357	0.38	0.73	233	1493	0.51	0.80	311	1617	0.68	0.86	245	1508	0.54	0.81	295	1573	0.65	0.84	316	1600	0.69	0.86	331	1625	0.72	0.87	340	1643	0.74	0.88
FOLK_E_00151_SE_01	254	1045	145	839	0.57	0.80	173	894	0.68	0.86	200	936	0.79	0.90	145	834	0.57	0.80	170	885	0.67	0.85	177	897	0.70	0.86	181	906	0.71	0.87	184	912	0.72	0.87
FOLK_E_00152_SE_01	912	11041	348	8829	0.38	0.80	473	9500	0.52	0.86	634	10020	0.70	0.91	431	8972	0.47	0.81	531	9379	0.58	0.85	587	9511	0.64	0.86	638	9645	0.70	0.87	661	9689	0.72	0.88
FOLK_E_00153_SE_01	28	38	26	34	0.93	0.89	27	35	0.96	0.92	27	35	0.96	0.92	26	34	0.93	0.89	26	34	0.93	0.89	27	35	0.96	0.92	27	35	0.96	0.92	27	35	0.96	0.92
FOLK_E_00154_SE_01	29	44	25	40	0.86	0.91	28	43	0.97	0.98	28	43	0.97	0.98	24	37	0.83	0.84	25	38	0.86	0.86	26	40	0.90	0.91	26	40	0.90	0.91	26	40	0.90	0.91
FOLK_E_00155_SE_01	39	54	31	46	0.79	0.85	34	49	0.87	0.91	34	49	0.87	0.91	30	45	0.77	0.83	32	47	0.82	0.87	32	47	0.82	0.87	35	50	0.90	0.93	35	50	0.90	0.93
FOLK_E_00156_SE_01	280	1121	159	883	0.57	0.79	188	951	0.67	0.85	226	1017	0.81	0.91	179	907	0.64	0.81	200	936	0.71	0.83	209	946	0.75	0.84	219	962	0.78	0.86	221	964	0.79	0.86
FOLK_E_00157_SE_01	595	6205	285	5040	0.48	0.81	360	5398	0.61	0.87	451	5690	0.76	0.92	329	5075	0.55	0.82	388	5256	0.65	0.85	419	5303	0.70	0.85	445	5387	0.75	0.87	449	5392	0.75	0.87
FOLK_E_00158_SE_01	123	240	75	179	0.61	0.75	92	202	0.75	0.84	107	221	0.87	0.92	87	192	0.71	0.80	91	197	0.74	0.82	96	202	0.78	0.84	99	205	0.80	0.85	102	208	0.83	0.87
FOLK_E_00159_SE_01	31	46	28	42	0.90	0.91	28	42	0.90	0.91	28	42	0.90	0.91	25	39	0.81	0.85	26	40	0.84	0.87	27	41	0.87	0.89	27	41	0.87	0.89	27	41	0.87	0.89
FOLK_E_00160_SE_01	659	6105	274	5051	0.42	0.83	386	5479	0.59	0.90	492	5710	0.75	0.94	348	5221	0.53	0.86	426	5389	0.65	0.88	466	5461	0.71	0.89	493	5510	0.75	0.90	508	5551	0.77	0.91
FOLK_E_00161_SE_01	1609	17547	456	13774	0.28	0.78	680	14893	0.42	0.85	924	15597	0.57	0.89	525	14282	0.33	0.81	712	14758	0.44	0.84	808	14980	0.50	0.85	897	15425	0.56	0.88	947	15509	0.59	0.88
FOLK_E_00162_SE_01	1340	8491	344	5999	0.26	0.71	490	6615	0.37	0.78	711	7190	0.53	0.85	454	6333	0.34	0.75	592	6749	0.44	0.79	663	6929	0.49	0.82	725	7086	0.54	0.83	759	7127	0.57	0.84
FOLK_E_00163_SE_01	863	4355	251	3192	0.29	0.73	348	3430	0.40	0.79	505	3776	0.59	0.87	362	3393	0.42	0.78	447	3597	0.52	0.83	491	3658	0.57	0.84	525	3709	0.61	0.85	549	3741	0.64	0.86
FOLK_E_00165_SE_01	1305	8707	342	6453	0.26	0.74	491	7054	0.38	0.81	695	7567	0.53	0.87	443	6795	0.34	0.78	578	7143	0.44	0.82	648	7287	0.50	0.84	698	7383	0.53	0.85	727	7419	0.56	0.85
FOLK_E_00166_SE_01	814	4929	256	3682	0.31	0.75	359	4002	0.44	0.81	520	4348	0.64	0.88	395	3969	0.49	0.81	486	4128	0.60	0.84	539	4243	0.66	0.86	564	4289	0.69	0.87	579	4306	0.71	0.87
FOLK_E_00167_SE_01	666	5926	227	4451	0.34	0.75	307	4838	0.46	0.82	414	5306	0.62	0.90	300	4748	0.45	0.80	360	5002	0.54	0.84	388	5053	0.58	0.85	405	5133	0.61	0.87	418	5171	0.63	0.87
FOLK_E_00168_SE_01	821	6460	258	4863	0.31	0.75	359	5280	0.44	0.82	491	5723	0.60	0.89	339	5149	0.41	0.80	413	5441	0.50	0.84	454	5502	0.55	0.85	485	5613	0.59	0.87	504	5655	0.61	0.88
FOLK_E_00169_SE_01	755	5550	244	4339	0.32	0.78	343	4712	0.45	0.85	461	5006	0.61	0.90	326	4546	0.43	0.82	402	4762	0.53	0.86	439	4814	0.58	0.87	465	4849	0.62	0.87	484	4881	0.64	0.88
FOLK_E_00171_SE_01	703	5830	237	4375	0.34	0.75	315	4769	0.45	0.82	428	5226	0.61	0.90	299	4738	0.43	0.81	371	4966	0.53	0.85	407	5036	0.58	0.86	425	5091	0.60	0.87	442	5126	0.63	0.88
FOLK_E_00172_SE_01	601	3922	234	2977	0.39	0.76	303	3219	0.50	0.82	391	3522	0.65	0.90	288	3138	0.48	0.80	339	3327	0.56	0.85	358	3361	0.60	0.86	375	3397	0.62	0.87	385	3435	0.64	0.88
FOLK_E_00173_SE_01	1829	18211	411	13955	0.22	0.77	608	15128	0.33	0.83	956	16183	0.52	0.89	595	14854	0.33	0.82	825	15373	0.45	0.84	949	15612	0.52	0.86	1034	15768	0.57	0.87	1086	15852	0.59	0.87
FOLK_E_00174_SE_01	1750	14078	366	10541	0.21	0.75	542	11526	0.31	0.82	886	12422	0.51	0.88	546	11372	0.31	0.81	771	11820	0.44	0.84	893	12049	0.51	0.86	978	12184	0.56	0.87	1022	12246	0.58	0.87
FOLK_E_00175_SE_01	692	5118	253	3898	0.37	0.76	340	4279	0.49	0.84	421	4461	0.61	0.87	289	3952	0.42	0.77	346	4138	0.50	0.81	383	4218	0.55	0.82	408	4324	0.59	0.84	423	4340	0.61	0.85
FOLK_E_00176_SE_01	860	5868	293	4420	0.34	0.75	394	4767	0.46	0.81	547	5185	0.64	0.88	400	4784	0.47	0.82	494	4945	0.57	0.84	560	5042	0.65	0.86	583	5073	0.68	0.86	604	5127	0.70	0.87
FOLK_E_00177_SE_01	847	6316	282	4782	0.33	0.76	394	5255	0.47	0.83	548	5678	0.65	0.90	384	5243	0.45	0.83	479	5421	0.57	0.86	533	5500	0.63	0.87	560	5538	0.66	0.88	578	5573	0.68	0.88
FOLK_E_00178_SE_01	905	6319	281	4766	0.31	0.75	391	5238	0.43	0.83	558	5630	0.62	0.89	393	5222	0.43	0.83	516	5428	0.57	0.86	570	5499	0.63	0.87	600	5545	0.66	0.88	616	5574	0.68	0.88
FOLK_E_00179_SE_01	1077	8010	305	5870	0.28	0.73	428	6461	0.40	0.81	637	7001	0.59	0.87	434	6524	0.40	0.81	559	6785	0.52	0.85	635	6901	0.59	0.86	673	6959	0.62	0.87	702	7026	0.65	0.88
FOLK_E_00180_SE_01	724	4216	260	3259	0.36	0.77	360	3525	0.50	0.84	483	3757	0.67	0.89	351	3400	0.48	0.81	442	3564	0.61	0.85	484	3632	0.67	0.86	508	3672	0.70	0.87	520	3697	0.72	0.88
FOLK_E_00181_SE_01	1077	7224	309	5408	0.29	0.75	423	5888	0.39	0.82	645	6356	0.60	0.88	446	5872	0.41	0.81	573	6100	0.53	0.84	629	6191	0.58	0.86	678	6278	0.63	0.87	706	6319	0.66	0.87
FOLK_E_00182_SE_01	1115	8175	331	6007	0.30	0.73	466	6546	0.42	0.80	647	7033	0.58	0.86	449	6438	0.40	0.79	575	6704	0.52	0.82	636	6821	0.57	0.83	671	6874	0.60	0.84	696	6932	0.62	0.85
FOLK_E_00183_SE_01	736	5279	262	4023	0.36	0.76	347	4312	0.47	0.82	477	4627	0.65	0.88	339	4292	0.46	0.81	419	4450	0.57	0.84	453	4507	0.62	0.85	479	4545	0.65	0.86	500	4579	0.68	0.87
FOLK_E_00184_SE_01	953	6811	304	5082	0.32	0.75	423	5513	0.44	0.81	604	5889	0.63	0.86	421	5537	0.44	0.81	539	5742	0.57	0.84	591	5825	0.62	0.86	626	5872	0.66	0.86	651	5906	0.68	0.87
FOLK_E_00185_SE_01	813	6080	304	4731	0.37	0.78	413	5168	0.51	0.85	556	5496	0.68	0.90	391	5047	0.48	0.83	480	5247	0.59	0.86	536	5325	0.66	0.88	566	5379	0.70	0.88	580	5413	0.71	0.89
FOLK_E_00186_SE_01	891	4711	289	3445	0.32	0.73	404	3765	0.45	0.80	545	4059	0.61	0.86	367	3652	0.41	0.78	456	3815	0.51	0.81	508	3886	0.57	0.82	545	3941	0.61	0.84	574	3998	0.64	0.85
FOLK_E_00187_SE_01	935	7882	303	6304	0.32	0.80	424	6733	0.45	0.85	597	7118	0.64	0.90	404	6560	0.43	0.83	525	6779	0.56	0.86	575	6861	0.61	0.87	606	6912	0.65	0.88	625	6948	0.67	0.88
FOLK_E_00188_SE_01	233	1621	119	1312	0.51	0.81	139	1379	0.60	0.85	177	1489	0.76	0.92	134	1354	0.58	0.84	153	1401	0.66	0.86	162	1418	0.70	0.87	168	1434	0.72	0.88	174	1443	0.75	0.89
FOLK_E_00189_SE_01	447	4248	183	3091	0.41	0.73	232	3288	0.52	0.77	306	3784	0.68	0.89	234	3260	0.52	0.77	274	3505	0.61	0.83	293	3588	0.66	0.84	308	3678	0.69	0.87	318	3711	0.71	0.87
FOLK_E_00190_SE_01	671	3256	224	2302	0.33	0.71	312	2533	0.46	0.78	439	2773	0.65	0.85	318	2525	0.47	0.78	414	2666	0.62	0.82	443	2709	0.66	0.83	460	2730	0.69	0.84	467	2757	0.70	0.85
FOLK_E_00191_SE_01	1403	11130	324	8509	0.23	0.76	487	9333	0.35	0.84	737	9901	0.53	0.89	496	8937	0.35	0.80	655	9281	0.47	0.83	744	9450	0.53	0.85	800	9543	0.57	0.86	837	9604	0.60	0.86
FOLK_E_00193_SE_01	1076	9543	308	7377	0.29	0.77	442	8107	0.41	0.85	646	8727	0.60	0.91	456	8137	0.42	0.85	585	8419	0.54	0.88	659	8531	0.61	0.89	705	8595	0.66	0.90	723	8624	0.67	0.90
FOLK_E_00194_SE_01	483	2854	194	2183	0.40	0.76	259	2379	0.54	0.83	326	2584	0.67	0.91	254	2401	0.53	0.84	305	2491	0.63	0.87	329	2528	0.68	0.89	349	2561	0.72	0.90	357	2570	0.74	0.90
FOLK_E_00197_SE_01	642	3133	239	2386	0.37	0.76	323	2587	0.50	0.83	438	2769	0.68	0.88	307	2477	0.48	0.79	388	2620	0.60	0.84	416	2670	0.65	0.85	447	2718	0.70	0.87	463	2741	0.72	0.87
FOLK_E_00198_SE_01	469	2068	195	1550	0.42	0.75	256	1687	0.55	0.82	324	1794	0.69	0.87	229	1600	0.49	0.77	285	1689	0.61	0.82	306	1722	0.65	0.83	331	1764	0.71	0.85	342	1778	0.73	0.86
FOLK_E_00201_SE_01	1836	15722	445	11884	0.24	0.76	679	12825	0.37	0.82	986	13479	0.54	0.86	567	12215	0.31	0.78	782	12654	0.43	0.80	914	12890	0.50	0.82	997	13020	0.54	0.83	1049	13113	0.57	0.83
FOLK_E_00202_SE_01	1530	14753	449	11611	0.29	0.79	644	12477	0.42	0.85	865	13006	0.57	0.88	501	11749	0.33	0.80	658	12129	0.43	0.82	753	12389	0.49	0.84	836	12835	0.55	0.87	870	12896	0.57	0.87
FOLK_E_00203_SE_01	1313	8993	323	6329	0.25	0.70	472	6900	0.36	0.77	647	7476	0.49	0.83	417	6897	0.32	0.77	530	7173	0.40	0.80	589	7303	0.45	0.81	630	7367	0.48	0.82	656	7411	0.50	0.82
FOLK_E_00204_SE_01	1312	13382	296	9780	0.23	0.73	440	10527	0.34	0.79	652	11510	0.50	0.86	443	10273	0.34	0.77	567	10879	0.43	0.81	634	11068	0.48	0.83	695	11234	0.53	0.84	726	11322	0.55	0.85
FOLK_E_00206_SE_01	1577	12509	297	8969	0.19	0.72	450	9670	0.29	0.77	764	10852	0.48	0.87	523	9750	0.33	0.78	720	10195	0.46	0.82	820	10489	0.52	0.84	885	10627	0.56	0.85	931	10726	0.59	0.86
FOLK_E_00207_SE_01	759	3954	257	2938	0.34	0.74	365	3252	0.48	0.82	458	3438	0.60	0.87	312	3061	0.41	0.77	388	3218	0.51	0.81	435	3310	0.57	0.84	461	3349	0.61	0.85	478	3375	0.63	0.85
FOLK_E_00208_SE_01	942	5667	295	4304	0.31	0.76	423	4686	0.45	0.83	548	4944	0.58	0.87	352	4384	0.37	0.77	447	4588	0.47	0.81	498	4677	0.53	0.83	519	4716	0.55	0.83	538	4761	0.57	0.84
FOLK_E_00209_SE_01	634	2956	238	2202	0.38	0.74	327	2448	0.52	0.83	409	2581	0.65	0.87	281	2321	0.44	0.79	337	2407	0.53	0.81	366	2439	0.58	0.83	392	2479	0.62	0.84	401	2493	0.63	0.84
FOLK_E_00210_SE_01	2305	13982	361	9348	0.16	0.67	538	10096	0.23	0.72	981	11487	0.43	0.82	653	10315	0.28	0.74	953	11206	0.41	0.80	1126	11509	0.49	0.82	1232	11706	0.53	0.84	1326	11894	0.58	0.85
FOLK_E_00211_SE_01	225	692	119	522	0.53	0.75	144	565	0.64	0.82	167	601	0.74	0.87	137	535	0.61	0.77	155	570	0.69	0.82	162	578	0.72	0.84	164	580	0.73	0.84	167	588	0.74	0.85
FOLK_E_00212_SE_01	90	164	63	130	0.70	0.79	69	136	0.77	0.83	77	146	0.86	0.89	71	140	0.79	0.85	75	144	0.83	0.88	77	146	0.86	0.89	78	147	0.87	0.90	80	149	0.89	0.91
FOLK_E_00213_SE_01	552	2912	199	2282	0.36	0.78	256	2440	0.46	0.84	343	2578	0.62	0.89	266	2326	0.48	0.80	308	2418	0.56	0.83	334	2463	0.61	0.85	350	2487	0.63	0.85	359	2509	0.65	0.86
FOLK_E_00214_SE_01	151	372	79	281	0.52	0.76	91	302	0.60	0.81	107	322	0.71	0.87	97	295	0.64	0.79	101	300	0.67	0.81	105	304	0.70	0.82	107	306	0.71	0.82	108	307	0.72	0.83
FOLK_E_00215_SE_01	216	706	111	531	0.51	0.75	138	578	0.64	0.82	167	622	0.77	0.88	126	553	0.58	0.78	150	580	0.69	0.82	157	591	0.73	0.84	164	601	0.76	0.85	165	607	0.76	0.86
FOLK_E_00216_SE_01	228	647	115	484	0.50	0.75	135	513	0.59	0.79	168	555	0.74	0.86	136	505	0.60	0.78	155	525	0.68	0.81	162	536	0.71	0.83	164	539	0.72	0.83	166	543	0.73	0.84
FOLK_E_00217_SE_01	1574	21775	360	16912	0.23	0.78	547	18647	0.35	0.86	798	19930	0.51	0.92	463	17987	0.29	0.83	624	18800	0.40	0.86	710	19115	0.45	0.88	779	19398	0.49	0.89	815	19464	0.52	0.89
FOLK_E_00218_SE_01	680	5064	230	3879	0.34	0.77	332	4318	0.49	0.85	429	4569	0.63	0.90	283	4124	0.42	0.81	347	4286	0.51	0.85	383	4362	0.56	0.86	416	4446	0.61	0.88	427	4464	0.63	0.88
FOLK_E_00219_SE_01	546	3372	186	2458	0.34	0.73	247	2683	0.45	0.80	346	2947	0.63	0.87	273	2706	0.50	0.80	318	2813	0.58	0.83	337	2847	0.62	0.84	365	2903	0.67	0.86	373	2914	0.68	0.86
FOLK_E_00220_SE_01	1563	15796	426	12090	0.27	0.77	631	13312	0.40	0.84	877	14300	0.56	0.91	516	13035	0.33	0.83	704	13588	0.45	0.86	825	13861	0.53	0.88	884	14046	0.57	0.89	936	14115	0.60	0.89
FOLK_E_00221_SE_01	599	3073	235	2362	0.39	0.77	323	2576	0.54	0.84	405	2740	0.68	0.89	289	2462	0.48	0.80	349	2580	0.58	0.84	375	2616	0.63	0.85	393	2663	0.66	0.87	410	2686	0.68	0.87
FOLK_E_00223_SE_01	92	155	56	113	0.61	0.73	66	125	0.72	0.81	76	135	0.83	0.87	63	117	0.68	0.75	68	123	0.74	0.79	71	126	0.77	0.81	73	129	0.79	0.83	75	131	0.82	0.85
FOLK_E_00224_SE_01	309	1068	139	787	0.45	0.74	168	848	0.54	0.79	217	926	0.70	0.87	174	840	0.56	0.79	200	882	0.65	0.83	214	898	0.69	0.84	222	911	0.72	0.85	229	921	0.74	0.86
FOLK_E_00225_SE_01	1037	8325	328	6420	0.32	0.77	468	7115	0.45	0.85	638	7618	0.62	0.92	398	6915	0.38	0.83	526	7214	0.51	0.87	576	7314	0.56	0.88	622	7395	0.60	0.89	643	7426	0.62	0.89
FOLK_E_00226_SE_01	830	5763	268	4401	0.32	0.76	373	4847	0.45	0.84	513	5213	0.62	0.90	356	4740	0.43	0.82	444	4967	0.53	0.86	491	5043	0.59	0.88	529	5091	0.64	0.88	544	5109	0.66	0.89
FOLK_E_00227_SE_01	889	6255	307	4853	0.35	0.78	444	5355	0.50	0.86	579	5649	0.65	0.90	396	5151	0.45	0.82	502	5394	0.56	0.86	541	5474	0.61	0.88	578	5552	0.65	0.89	607	5599	0.68	0.90
FOLK_E_00228_SE_01	1140	9740	355	7742	0.31	0.79	516	8391	0.45	0.86	694	8863	0.61	0.91	439	8132	0.39	0.83	566	8421	0.50	0.86	637	8564	0.56	0.88	689	8672	0.60	0.89	715	8715	0.63	0.89
FOLK_E_00229_SE_01	75	129	46	92	0.61	0.71	55	102	0.73	0.79	60	107	0.80	0.83	50	97	0.67	0.75	55	102	0.73	0.79	59	112	0.79	0.87	61	114	0.81	0.88	61	114	0.81	0.88
FOLK_E_00230_SE_01	76	132	51	101	0.67	0.77	55	106	0.72	0.80	64	117	0.84	0.89	54	104	0.71	0.79	58	109	0.76	0.83	61	112	0.80	0.85	64	116	0.84	0.88	64	116	0.84	0.88
FOLK_E_00231_SE_01	133	314	86	249	0.65	0.79	103	269	0.77	0.86	113	287	0.85	0.91	93	261	0.70	0.83	106	280	0.80	0.89	108	282	0.81	0.90	112	287	0.84	0.91	113	289	0.85	0.92
FOLK_E_00235_SE_01	145	322	79	234	0.54	0.73	92	248	0.63	0.77	111	277	0.77	0.86	89	238	0.61	0.74	99	249	0.68	0.77	103	253	0.71	0.79	107	263	0.74	0.82	108	264	0.74	0.82
FOLK_E_00237_SE_01	96	176	51	126	0.53	0.72	63	140	0.66	0.80	75	153	0.78	0.87	59	131	0.61	0.74	63	136	0.66	0.77	64	137	0.67	0.78	69	142	0.72	0.81	73	147	0.76	0.84
FOLK_E_00238_SE_01	98	216	67	176	0.68	0.81	78	192	0.80	0.89	86	201	0.88	0.93	73	184	0.74	0.85	79	191	0.81	0.88	79	191	0.81	0.88	81	194	0.83	0.90	81	194	0.83	0.90
FOLK_E_00239_SE_01	58	101	46	86	0.79	0.85	49	91	0.84	0.90	53	96	0.91	0.95	43	83	0.74	0.82	47	89	0.81	0.88	49	91	0.84	0.90	50	92	0.86	0.91	51	93	0.88	0.92
FOLK_E_00243_SE_01	428	1873	183	1440	0.43	0.77	245	1567	0.57	0.84	314	1680	0.73	0.90	246	1507	0.57	0.80	288	1584	0.67	0.85	299	1603	0.70	0.86	321	1643	0.75	0.88	331	1662	0.77	0.89
FOLK_E_00246_SE_01	313	1257	155	987	0.50	0.79	203	1089	0.65	0.87	246	1158	0.79	0.92	186	1058	0.59	0.84	220	1104	0.70	0.88	231	1118	0.74	0.89	238	1128	0.76	0.90	240	1130	0.77	0.90
FOLK_E_00248_SE_01	1143	7923	279	5970	0.24	0.75	406	6475	0.36	0.82	622	7010	0.54	0.88	448	6392	0.39	0.81	584	6660	0.51	0.84	658	6787	0.58	0.86	712	6880	0.62	0.87	751	6969	0.66	0.88
FOLK_E_00250_SE_01	1187	8404	258	6146	0.22	0.73	396	6701	0.33	0.80	612	7287	0.52	0.87	465	6646	0.39	0.79	594	6947	0.50	0.83	676	7107	0.57	0.85	734	7221	0.62	0.86	769	7291	0.65	0.87
FOLK_E_00251_SE_01	694	4063	269	3210	0.39	0.79	373	3503	0.54	0.86	467	3706	0.67	0.91	316	3346	0.46	0.82	380	3461	0.55	0.85	423	3531	0.61	0.87	459	3615	0.66	0.89	473	3632	0.68	0.89
FOLK_E_00252_SE_01	713	4874	281	3824	0.39	0.78	387	4152	0.54	0.85	470	4429	0.66	0.91	329	4108	0.46	0.84	397	4248	0.56	0.87	424	4291	0.59	0.88	454	4370	0.64	0.90	466	4396	0.65	0.90
FOLK_E_00253_SE_01	810	6648	289	5190	0.36	0.78	407	5627	0.50	0.85	530	6040	0.65	0.91	338	5518	0.42	0.83	445	5747	0.55	0.86	492	5875	0.61	0.88	533	5972	0.66	0.90	546	5991	0.67	0.90
FOLK_E_00254_SE_01	1628	17318	405	13613	0.25	0.79	597	14795	0.37	0.85	907	15776	0.56	0.91	529	14381	0.32	0.83	733	14879	0.45	0.86	843	15104	0.52	0.87	922	15276	0.57	0.88	966	15342	0.59	0.89
FOLK_E_00255_SE_01	1554	15350	416	12324	0.27	0.80	635	13331	0.41	0.87	861	13886	0.55	0.90	504	12671	0.32	0.83	685	13115	0.44	0.85	781	13323	0.50	0.87	847	13463	0.55	0.88	888	13529	0.57	0.88
FOLK_E_00256_SE_01	915	10820	337	8976	0.37	0.83	458	9566	0.50	0.88	594	10156	0.65	0.94	390	9232	0.43	0.85	499	9519	0.55	0.88	553	9632	0.60	0.89	586	9694	0.64	0.90	601	9732	0.66	0.90
FOLK_E_00257_SE_01	803	8093	288	6479	0.36	0.80	422	7113	0.53	0.88	574	7589	0.71	0.94	394	6980	0.49	0.86	495	7195	0.62	0.89	534	7260	0.67	0.90	560	7307	0.70	0.90	573	7344	0.71	0.91
FOLK_E_00258_SE_01	928	8491	318	6648	0.34	0.78	432	7311	0.47	0.86	599	7805	0.65	0.92	424	7078	0.46	0.83	528	7416	0.57	0.87	587	7545	0.63	0.89	629	7631	0.68	0.90	647	7657	0.70	0.90
FOLK_E_00259_SE_01	330	1784	181	1484	0.55	0.83	224	1578	0.68	0.88	271	1655	0.82	0.93	214	1527	0.65	0.86	239	1577	0.72	0.88	253	1597	0.77	0.90	259	1606	0.78	0.90	263	1611	0.80	0.90
FOLK_E_00260_SE_01	1065	7371	325	5581	0.31	0.76	467	6133	0.44	0.83	626	6529	0.59	0.89	394	5914	0.37	0.80	520	6218	0.49	0.84	580	6344	0.54	0.86	625	6433	0.59	0.87	650	6466	0.61	0.88
FOLK_E_00261_SE_01	1061	7287	292	5441	0.28	0.75	416	5922	0.39	0.81	612	6354	0.58	0.87	421	5741	0.40	0.79	534	5963	0.50	0.82	593	6078	0.56	0.83	646	6177	0.61	0.85	666	6216	0.63	0.85
FOLK_E_00262_SE_01	520	2182	209	1602	0.40	0.73	277	1762	0.53	0.81	346	1897	0.67	0.87	259	1665	0.50	0.76	309	1752	0.59	0.80	333	1793	0.64	0.82	355	1839	0.68	0.84	368	1859	0.71	0.85
FOLK_E_00263_SE_01	804	4706	255	3507	0.32	0.75	349	3800	0.43	0.81	479	4131	0.60	0.88	351	3669	0.44	0.78	426	3859	0.53	0.82	463	3930	0.58	0.84	499	4006	0.62	0.85	525	4049	0.65	0.86
FOLK_E_00264_SE_01	240	786	120	593	0.50	0.75	155	651	0.65	0.83	194	716	0.81	0.91	155	646	0.65	0.82	176	683	0.73	0.87	187	700	0.78	0.89	196	719	0.82	0.91	198	721	0.83	0.92
FOLK_E_00265_SE_01	1048	10759	330	8420	0.31	0.78	476	9266	0.45	0.86	669	9790	0.64	0.91	451	8967	0.43	0.83	579	9372	0.55	0.87	629	9505	0.60	0.88	682	9617	0.65	0.89	701	9658	0.67	0.90
FOLK_E_00266_SE_01	1616	21368	400	16611	0.25	0.78	614	18228	0.38	0.85	912	19347	0.56	0.91	539	17597	0.33	0.82	740	18357	0.46	0.86	847	18713	0.52	0.88	936	18956	0.58	0.89	980	19048	0.61	0.89
FOLK_E_00267_SE_01	2285	31433	509	25385	0.22	0.81	792	27620	0.35	0.88	1157	28786	0.51	0.92	592	26286	0.26	0.84	841	27105	0.37	0.86	987	27434	0.43	0.87	1113	27722	0.49	0.88	1183	27879	0.52	0.89
FOLK_E_00268_SE_01	987	6322	336	4901	0.34	0.78	475	5380	0.48	0.85	608	5647	0.62	0.89	390	5148	0.40	0.81	485	5327	0.49	0.84	547	5460	0.55	0.86	596	5554	0.60	0.88	615	5576	0.62	0.88
FOLK_E_00269_SE_01	630	4334	273	3392	0.43	0.78	371	3761	0.59	0.87	469	4011	0.74	0.93	344	3664	0.55	0.85	413	3807	0.66	0.88	444	3858	0.70	0.89	468	3904	0.74	0.90	477	3915	0.76	0.90
FOLK_E_00270_SE_01	398	2109	192	1720	0.48	0.82	243	1873	0.61	0.89	297	1957	0.75	0.93	218	1781	0.55	0.84	253	1843	0.64	0.87	279	1882	0.70	0.89	295	1899	0.74	0.90	299	1905	0.75	0.90
FOLK_E_00271_SE_01	1110	8646	345	6678	0.31	0.77	498	7305	0.45	0.84	673	7750	0.61	0.90	430	7127	0.39	0.82	553	7406	0.50	0.86	627	7539	0.56	0.87	675	7614	0.61	0.88	707	7666	0.64	0.89
FOLK_E_00272_SE_01	709	3525	261	2692	0.37	0.76	356	2943	0.50	0.83	478	3150	0.67	0.89	339	2882	0.48	0.82	413	3002	0.58	0.85	447	3050	0.63	0.87	473	3079	0.67	0.87	487	3099	0.69	0.88
FOLK_E_00273_SE_01	2664	29462	542	23182	0.20	0.79	842	25231	0.32	0.86	1326	26668	0.50	0.91	653	24186	0.25	0.82	970	25192	0.36	0.86	1164	25645	0.44	0.87	1318	25995	0.49	0.88	1422	26140	0.53	0.89
FOLK_E_00274_SE_01	646	9598	249	7608	0.39	0.79	335	7900	0.52	0.82	450	8683	0.70	0.90	341	7705	0.53	0.80	410	7979	0.63	0.83	433	8055	0.67	0.84	457	8147	0.71	0.85	466	8210	0.72	0.86
FOLK_E_00285_SE_01	1470	14884	397	11023	0.27	0.74	587	12175	0.40	0.82	834	13029	0.57	0.88	494	11841	0.34	0.80	665	12350	0.45	0.83	751	12649	0.51	0.85	818	12879	0.56	0.87	870	12975	0.59	0.87
FOLK_E_00286_SE_01	575	3270	238	2511	0.41	0.77	322	2770	0.56	0.85	406	2907	0.71	0.89	282	2639	0.49	0.81	336	2738	0.58	0.84	362	2805	0.63	0.86	392	2863	0.68	0.88	409	2886	0.71	0.88
FOLK_E_00287_SE_01	1962	19483	438	14917	0.22	0.77	659	16330	0.34	0.84	962	17253	0.49	0.89	537	15781	0.27	0.81	749	16385	0.38	0.84	860	16685	0.44	0.86	934	16926	0.48	0.87	978	16987	0.50	0.87
FOLK_E_00288_SE_01	1654	14393	401	10919	0.24	0.76	588	11853	0.36	0.82	833	12599	0.50	0.88	497	11366	0.30	0.79	662	11818	0.40	0.82	763	12017	0.46	0.83	831	12191	0.50	0.85	878	12290	0.53	0.85
FOLK_E_00289_SE_01	373	1617	167	1202	0.45	0.74	213	1317	0.57	0.81	265	1445	0.71	0.89	195	1274	0.52	0.79	230	1353	0.62	0.84	241	1374	0.65	0.85	256	1403	0.69	0.87	261	1409	0.70	0.87
FOLK_E_00290_SE_01	1250	16201	315	12002	0.25	0.74	456	13253	0.36	0.82	687	14256	0.55	0.88	459	13383	0.37	0.83	589	13847	0.47	0.85	670	14088	0.54	0.87	724	14215	0.58	0.88	759	14274	0.61	0.88
FOLK_E_00291_SE_01	1046	9851	371	7910	0.35	0.80	508	8599	0.49	0.87	669	9078	0.64	0.92	420	8363	0.40	0.85	526	8611	0.50	0.87	588	8749	0.56	0.89	626	8829	0.60	0.90	660	8876	0.63	0.90
FOLK_E_00292_SE_01	535	2771	186	2090	0.35	0.75	241	2248	0.45	0.81	337	2473	0.63	0.89	246	2205	0.46	0.80	304	2321	0.57	0.84	333	2364	0.62	0.85	366	2412	0.68	0.87	376	2427	0.70	0.88
FOLK_E_00293_SE_01	1994	21087	468	16767	0.23	0.80	703	18233	0.35	0.86	1025	19174	0.51	0.91	550	17367	0.28	0.82	767	17945	0.38	0.85	895	18270	0.45	0.87	985	18452	0.49	0.88	1054	18589	0.53	0.88
FOLK_E_00294_SE_01	845	9082	333	7356	0.39	0.81	466	8029	0.55	0.88	583	8456	0.69	0.93	372	7819	0.44	0.86	476	8127	0.56	0.89	535	8252	0.63	0.91	563	8335	0.67	0.92	586	8365	0.69	0.92
FOLK_E_00295_SE_01	927	6257	359	4804	0.39	0.77	498	5298	0.54	0.85	634	5626	0.68	0.90	404	5079	0.44	0.81	513	5301	0.55	0.85	567	5460	0.61	0.87	606	5531	0.65	0.88	625	5560	0.67	0.89
FOLK_E_00296_SE_01	1090	8948	307	6673	0.28	0.75	458	7443	0.42	0.83	624	7800	0.57	0.87	414	7151	0.38	0.80	537	7438	0.49	0.83	599	7589	0.55	0.85	649	7663	0.60	0.86	670	7698	0.61	0.86
FOLK_E_00298_SE_01	141	332	86	260	0.61	0.78	102	283	0.72	0.85	118	301	0.84	0.91	103	272	0.73	0.82	108	279	0.77	0.84	110	281	0.78	0.85	112	287	0.79	0.86	113	288	0.80	0.87
FOLK_E_00299_SE_01	312	1630	142	1267	0.46	0.78	185	1368	0.59	0.84	232	1472	0.74	0.90	184	1353	0.59	0.83	207	1410	0.66	0.87	221	1449	0.71	0.89	232	1469	0.74	0.90	237	1476	0.76	0.91
FOLK_E_00300_SE_01	891	7219	308	5681	0.35	0.79	427	6251	0.48	0.87	522	6532	0.59	0.90	347	5924	0.39	0.82	426	6136	0.48	0.85	474	6240	0.53	0.86	507	6298	0.57	0.87	533	6366	0.60	0.88
FOLK_E_00301_SE_01	1088	8758	349	6876	0.32	0.79	505	7546	0.46	0.86	670	8005	0.62	0.91	421	7371	0.39	0.84	551	7629	0.51	0.87	611	7712	0.56	0.88	657	7791	0.60	0.89	673	7812	0.62	0.89
FOLK_E_00302_SE_01	263	987	129	731	0.49	0.74	165	831	0.63	0.84	202	903	0.77	0.91	167	820	0.63	0.83	194	861	0.74	0.87	206	881	0.78	0.89	213	895	0.81	0.91	214	896	0.81	0.91
FOLK_E_00303_SE_01	1071	9238	307	6867	0.29	0.74	448	7672	0.42	0.83	639	8343	0.60	0.90	426	7653	0.40	0.83	565	7989	0.53	0.86	628	8113	0.59	0.88	682	8204	0.64	0.89	711	8249	0.66	0.89
FOLK_E_00304_SE_01	154	452	91	360	0.59	0.80	106	382	0.69	0.85	124	411	0.81	0.91	101	373	0.66	0.83	112	388	0.73	0.86	116	395	0.75	0.87	117	396	0.76	0.88	117	396	0.76	0.88
FOLK_E_00305_SE_01	115	224	72	164	0.63	0.73	80	178	0.70	0.79	94	202	0.82	0.90	78	182	0.68	0.81	83	187	0.72	0.83	86	190	0.75	0.85	90	194	0.78	0.87	90	194	0.78	0.87
FOLK_E_00308_SE_01	1156	10013	306	7182	0.26	0.72	448	8004	0.39	0.80	668	8541	0.58	0.85	438	7566	0.38	0.76	577	7887	0.50	0.79	647	8079	0.56	0.81	689	8415	0.60	0.84	723	8465	0.63	0.85
FOLK_E_00309_SE_01	614	5042	245	3904	0.40	0.77	349	4256	0.57	0.84	419	4428	0.68	0.88	286	3813	0.47	0.76	332	3993	0.54	0.79	372	4134	0.61	0.82	394	4201	0.64	0.83	407	4255	0.66	0.84
FOLK_E_00311_SE_01	1492	10384	324	7701	0.22	0.74	480	8213	0.32	0.79	773	9034	0.52	0.87	505	7893	0.34	0.76	687	8359	0.46	0.80	789	8544	0.53	0.82	855	8688	0.57	0.84	899	8758	0.60	0.84
FOLK_E_00313_SE_01	1242	9754	286	7178	0.23	0.74	428	7885	0.34	0.81	653	8486	0.53	0.87	454	7684	0.37	0.79	607	8071	0.49	0.83	683	8208	0.55	0.84	737	8346	0.59	0.86	761	8397	0.61	0.86
FOLK_E_00315_SE_01	1586	9747	311	7004	0.20	0.72	467	7386	0.29	0.76	741	8096	0.47	0.83	507	7461	0.32	0.77	685	7876	0.43	0.81	767	8016	0.48	0.82	835	8133	0.53	0.83	893	8235	0.56	0.84
FOLK_E_00316_SE_01	1833	9460	347	6649	0.19	0.70	524	7102	0.29	0.75	798	7735	0.44	0.82	520	6974	0.28	0.74	721	7392	0.39	0.78	825	7607	0.45	0.80	907	7739	0.49	0.82	963	7824	0.53	0.83
FOLK_E_00317_SE_01	1750	9876	335	6997	0.19	0.71	495	7555	0.28	0.76	813	8304	0.46	0.84	528	7417	0.30	0.75	730	7853	0.42	0.80	839	8093	0.48	0.82	921	8234	0.53	0.83	980	8325	0.56	0.84
FOLK_E_00318_SE_01	590	3093	250	2363	0.42	0.76	333	2637	0.56	0.85	421	2801	0.71	0.91	301	2538	0.51	0.82	379	2687	0.64	0.87	400	2713	0.68	0.88	420	2740	0.71	0.89	431	2754	0.73	0.89
FOLK_E_00319_SE_01	1172	9827	327	7575	0.28	0.77	484	8361	0.41	0.85	668	8875	0.57	0.90	435	8045	0.37	0.82	542	8403	0.46	0.86	614	8542	0.52	0.87	661	8653	0.56	0.88	690	8699	0.59	0.89
FOLK_E_00321_SE_01	1296	12153	394	9545	0.30	0.79	551	10361	0.43	0.85	738	11057	0.57	0.91	457	10032	0.35	0.83	588	10409	0.45	0.86	662	10576	0.51	0.87	720	10695	0.56	0.88	765	10756	0.59	0.89
FOLK_E_00322_SE_01	1037	9198	332	6840	0.32	0.74	481	7696	0.46	0.84	638	8206	0.62	0.89	396	7467	0.38	0.81	502	7820	0.48	0.85	570	8101	0.55	0.88	627	8260	0.60	0.90	645	8294	0.62	0.90
FOLK_E_00323_SE_01	209	732	111	553	0.53	0.76	138	633	0.66	0.86	158	667	0.76	0.91	132	611	0.63	0.83	148	633	0.71	0.86	156	644	0.75	0.88	158	648	0.76	0.89	159	649	0.76	0.89
FOLK_E_00324_SE_01	206	656	122	512	0.59	0.78	156	581	0.76	0.89	175	614	0.85	0.94	138	547	0.67	0.83	155	574	0.75	0.88	163	586	0.79	0.89	167	595	0.81	0.91	169	597	0.82	0.91
FOLK_E_00325_SE_01	2299	27255	479	22164	0.21	0.81	751	23533	0.33	0.86	1147	24574	0.50	0.90	606	22681	0.26	0.83	900	23535	0.39	0.86	1068	23891	0.46	0.88	1185	24180	0.52	0.89	1257	24311	0.55	0.89
FOLK_E_00327_SE_01	899	6096	315	4742	0.35	0.78	435	5183	0.48	0.85	580	5523	0.65	0.91	366	4944	0.41	0.81	459	5157	0.51	0.85	512	5285	0.57	0.87	547	5350	0.61	0.88	575	5424	0.64	0.89
FOLK_E_00329_SE_01	2099	22229	479	17165	0.23	0.77	707	18728	0.34	0.84	1018	19705	0.48	0.89	537	17777	0.26	0.80	763	18444	0.36	0.83	882	18766	0.42	0.84	960	18960	0.46	0.85	1003	19066	0.48	0.86
FOLK_E_00330_SE_01	2153	21957	401	16284	0.19	0.74	599	17784	0.28	0.81	976	19294	0.45	0.88	590	17637	0.27	0.80	829	18406	0.39	0.84	975	18797	0.45	0.86	1080	19017	0.50	0.87	1145	19138	0.53	0.87
FOLK_E_00331_SE_01	1194	10906	366	8463	0.31	0.78	539	9297	0.45	0.85	734	9837	0.61	0.90	435	8695	0.36	0.80	559	9093	0.47	0.83	637	9288	0.53	0.85	692	9411	0.58	0.86	728	9535	0.61	0.87
FOLK_E_00332_SE_01	402	1643	185	1271	0.46	0.77	238	1375	0.59	0.84	288	1460	0.72	0.89	209	1278	0.52	0.78	241	1333	0.60	0.81	261	1359	0.65	0.83	275	1382	0.68	0.84	279	1386	0.69	0.84
FOLK_E_00333_SE_01	678	4843	226	3628	0.33	0.75	321	3987	0.47	0.82	425	4301	0.63	0.89	311	3899	0.46	0.81	373	4107	0.55	0.85	416	4181	0.61	0.86	436	4220	0.64	0.87	445	4234	0.66	0.87
FOLK_E_00334_SE_01	342	1998	148	1533	0.43	0.77	198	1684	0.58	0.84	248	1787	0.73	0.89	198	1653	0.58	0.83	231	1732	0.68	0.87	236	1740	0.69	0.87	244	1754	0.71	0.88	249	1760	0.73	0.88
FOLK_E_00335_SE_01	992	9427	298	7093	0.30	0.75	442	7951	0.45	0.84	601	8474	0.61	0.90	402	7697	0.41	0.82	499	8024	0.50	0.85	552	8149	0.56	0.86	588	8256	0.59	0.88	616	8317	0.62	0.88
FOLK_E_00337_SE_01	1339	8845	342	6408	0.26	0.72	486	7070	0.36	0.80	770	7842	0.58	0.89	520	6981	0.39	0.79	688	7348	0.51	0.83	792	7504	0.59	0.85	843	7575	0.63	0.86	872	7683	0.65	0.87
FOLK_E_00338_SE_01	1418	8872	325	6350	0.23	0.72	469	6932	0.33	0.78	761	7678	0.54	0.87	511	6926	0.36	0.78	699	7335	0.49	0.83	802	7509	0.57	0.85	865	7612	0.61	0.86	906	7686	0.64	0.87
FOLK_E_00339_SE_01	1860	14920	399	11504	0.21	0.77	636	12452	0.34	0.83	952	13299	0.51	0.89	585	12168	0.31	0.82	813	12674	0.44	0.85	939	12885	0.50	0.86	1036	13076	0.56	0.88	1101	13172	0.59	0.88
FOLK_E_00340_SE_01	1570	19600	382	15423	0.24	0.79	572	16962	0.36	0.87	853	17947	0.54	0.92	526	16464	0.34	0.84	702	17037	0.45	0.87	796	17329	0.51	0.88	867	17488	0.55	0.89	910	17565	0.58	0.90
FOLK_E_00342_SE_01	966	9508	355	7896	0.37	0.83	492	8431	0.51	0.89	638	8771	0.66	0.92	412	8049	0.43	0.85	523	8318	0.54	0.87	571	8444	0.59	0.89	619	8532	0.64	0.90	645	8569	0.67	0.90
FOLK_E_00343_SE_01	633	4835	214	3665	0.34	0.76	293	4052	0.46	0.84	405	4342	0.64	0.90	312	3927	0.49	0.81	372	4103	0.59	0.85	409	4183	0.65	0.87	434	4238	0.69	0.88	452	4267	0.71	0.88
FOLK_E_00344_SE_01	1030	8066	345	6203	0.33	0.77	497	6915	0.48	0.86	642	7366	0.62	0.91	409	6602	0.40	0.82	533	6940	0.52	0.86	591	7048	0.57	0.87	627	7151	0.61	0.89	649	7180	0.63	0.89
FOLK_E_00345_SE_01	112	566	56	315	0.50	0.56	70	374	0.63	0.66	78	399	0.70	0.70	59	316	0.53	0.56	66	355	0.59	0.63	73	365	0.65	0.64	77	370	0.69	0.65	80	375	0.71	0.66
FOLK_E_00346_SE_01	1622	21766	411	17794	0.25	0.82	606	18861	0.37	0.87	890	19926	0.55	0.92	527	18548	0.32	0.85	718	19080	0.44	0.88	809	19234	0.50	0.88	891	19392	0.55	0.89	938	19459	0.58	0.89
FOLK_E_00347_SE_01	1076	9698	319	7428	0.30	0.77	457	8039	0.42	0.83	619	8556	0.58	0.88	405	7807	0.38	0.81	516	8110	0.48	0.84	571	8241	0.53	0.85	618	8326	0.57	0.86	647	8371	0.60	0.86
FOLK_E_00348_SE_01	1328	13291	364	10462	0.27	0.79	506	11335	0.38	0.85	744	12150	0.56	0.91	474	11056	0.36	0.83	609	11447	0.46	0.86	686	11618	0.52	0.87	740	11733	0.56	0.88	777	11806	0.59	0.89
FOLK_E_00349_SE_01	1087	11176	299	8731	0.28	0.78	445	9512	0.41	0.85	641	10277	0.59	0.92	426	9248	0.39	0.83	538	9566	0.49	0.86	592	9658	0.54	0.86	631	9746	0.58	0.87	658	9803	0.61	0.88
FOLK_E_00350_SE_01	1129	12065	305	9500	0.27	0.79	448	10375	0.40	0.86	654	11169	0.58	0.93	423	10100	0.37	0.84	541	10427	0.48	0.86	601	10562	0.53	0.88	642	10683	0.57	0.89	663	10727	0.59	0.89
FOLK_E_00351_SE_01	1396	11618	364	9022	0.26	0.78	517	9827	0.37	0.85	762	10517	0.55	0.91	483	9466	0.35	0.81	635	9807	0.45	0.84	722	9970	0.52	0.86	782	10065	0.56	0.87	824	10141	0.59	0.87
FOLK_E_00352_SE_01	690	5578	245	4405	0.36	0.79	345	4851	0.50	0.87	466	5161	0.68	0.93	364	4824	0.53	0.86	441	4988	0.64	0.89	477	5042	0.69	0.90	497	5076	0.72	0.91	510	5092	0.74	0.91
FOLK_E_00353_SE_01	836	7007	316	5753	0.38	0.82	452	6228	0.54	0.89	567	6502	0.68	0.93	386	5938	0.46	0.85	483	6165	0.58	0.88	522	6226	0.62	0.89	548	6274	0.66	0.90	565	6294	0.68	0.90
FOLK_E_00354_SE_01	840	5998	298	4909	0.35	0.82	414	5247	0.49	0.87	543	5468	0.65	0.91	366	5013	0.44	0.84	444	5149	0.53	0.86	493	5220	0.59	0.87	530	5282	0.63	0.88	547	5315	0.65	0.89
FOLK_E_00355_SE_01	993	7647	341	6017	0.34	0.79	487	6607	0.49	0.86	622	6896	0.63	0.90	403	6141	0.41	0.80	492	6418	0.50	0.84	543	6516	0.55	0.85	578	6593	0.58	0.86	608	6655	0.61	0.87
FOLK_E_00356_SE_01	824	4935	280	3814	0.34	0.77	417	4207	0.51	0.85	526	4423	0.64	0.90	335	3898	0.41	0.79	409	4038	0.50	0.82	467	4174	0.57	0.85	503	4226	0.61	0.86	527	4264	0.64	0.86
FOLK_E_00357_SE_01	905	9653	297	7593	0.33	0.79	430	8351	0.48	0.87	572	8806	0.63	0.91	410	8094	0.45	0.84	507	8485	0.56	0.88	550	8567	0.61	0.89	581	8631	0.64	0.89	606	8674	0.67	0.90
FOLK_E_00358_SE_01	2089	19125	344	13514	0.16	0.71	530	14784	0.25	0.77	867	16244	0.42	0.85	520	14565	0.25	0.76	737	15435	0.35	0.81	863	15704	0.41	0.82	946	15929	0.45	0.83	1007	16145	0.48	0.84
FOLK_E_00359_SE_01	579	3595	216	2766	0.37	0.77	292	3042	0.50	0.85	385	3275	0.66	0.91	288	2989	0.50	0.83	337	3128	0.58	0.87	363	3168	0.63	0.88	382	3197	0.66	0.89	390	3206	0.67	0.89
FOLK_E_00360_SE_01	378	2923	161	2259	0.43	0.77	213	2471	0.56	0.85	274	2690	0.72	0.92	212	2481	0.56	0.85	250	2577	0.66	0.88	259	2599	0.69	0.89	277	2625	0.73	0.90	286	2637	0.76	0.90
FOLK_E_00361_SE_01	1790	10754	289	7065	0.16	0.66	451	7781	0.25	0.72	776	8796	0.43	0.82	535	7965	0.30	0.74	766	8630	0.43	0.80	900	8865	0.50	0.82	962	9010	0.54	0.84	1017	9100	0.57	0.85
FOLK_E_00362_SE_01	216	610	131	472	0.61	0.77	149	508	0.69	0.83	176	557	0.81	0.91	144	480	0.67	0.79	158	512	0.73	0.84	162	516	0.75	0.85	170	534	0.79	0.88	170	534	0.79	0.88
FOLK_E_00363_SE_01	248	1017	128	778	0.52	0.76	153	830	0.62	0.82	191	917	0.77	0.90	147	816	0.59	0.80	169	849	0.68	0.83	179	866	0.72	0.85	187	881	0.75	0.87	191	889	0.77	0.87
FOLK_E_00364_SE_01	269	1128	149	895	0.55	0.79	168	942	0.62	0.84	203	1029	0.75	0.91	149	922	0.55	0.82	174	958	0.65	0.85	179	968	0.67	0.86	188	987	0.70	0.88	195	1007	0.72	0.89
FOLK_E_00365_SE_01	388	2436	166	1895	0.43	0.78	205	2023	0.53	0.83	275	2234	0.71	0.92	209	1943	0.54	0.80	245	2042	0.63	0.84	261	2078	0.67	0.85	273	2129	0.70	0.87	285	2150	0.73	0.88
FOLK_E_00366_SE_01	66	128	54	108	0.82	0.84	58	115	0.88	0.90	63	123	0.95	0.96	51	105	0.77	0.82	53	109	0.80	0.85	55	113	0.83	0.88	56	114	0.85	0.89	56	114	0.85	0.89
FOLK_E_00367_SE_01	32	44	25	35	0.78	0.80	25	35	0.78	0.80	28	38	0.88	0.86	23	33	0.72	0.75	25	35	0.78	0.80	25	35	0.78	0.80	26	36	0.81	0.82	28	38	0.88	0.86
FOLK_E_00368_SE_01	144	297	80	226	0.56	0.76	97	247	0.67	0.83	115	266	0.80	0.90	97	237	0.67	0.80	104	244	0.72	0.82	110	256	0.76	0.86	112	259	0.78	0.87	112	259	0.78	0.87
FOLK_E_00370_SE_01	1295	16744	462	13651	0.36	0.82	677	14940	0.52	0.89	904	15651	0.70	0.93	534	13798	0.41	0.82	680	14366	0.53	0.86	768	14581	0.59	0.87	839	14803	0.65	0.88	871	14896	0.67	0.89
FOLK_E_00371_SE_01	375	1839	157	1402	0.42	0.76	208	1575	0.55	0.86	277	1686	0.74	0.92	226	1586	0.60	0.86	267	1647	0.71	0.90	282	1668	0.75	0.91	294	1683	0.78	0.92	302	1692	0.81	0.92
FOLK_E_00372_SE_01	596	3494	236	2742	0.40	0.78	318	2952	0.53	0.84	395	3144	0.66	0.90	269	2771	0.45	0.79	326	2936	0.55	0.84	359	2984	0.60	0.85	376	3014	0.63	0.86	393	3046	0.66	0.87
FOLK_E_00373_SE_01	829	4924	274	3836	0.33	0.78	376	4214	0.45	0.86	504	4466	0.61	0.91	360	4072	0.43	0.83	438	4214	0.53	0.86	492	4290	0.59	0.87	525	4356	0.63	0.88	534	4367	0.64	0.89
FOLK_E_00374_SE_01	870	5791	231	4147	0.27	0.72	342	4599	0.39	0.79	482	4961	0.55	0.86	332	4516	0.38	0.78	427	4735	0.49	0.82	475	4807	0.55	0.83	505	4861	0.58	0.84	526	4887	0.60	0.84
FOLK_E_00375_SE_01	1455	12395	380	9346	0.26	0.75	551	10341	0.38	0.83	769	10968	0.53	0.88	483	10100	0.33	0.81	631	10518	0.43	0.85	710	10663	0.49	0.86	771	10810	0.53	0.87	810	10875	0.56	0.88
FOLK_E_00376_SE_01	246	917	119	677	0.48	0.74	149	740	0.61	0.81	183	803	0.74	0.88	142	709	0.58	0.77	168	774	0.68	0.84	181	791	0.74	0.86	188	804	0.76	0.88	191	808	0.78	0.88
FOLK_E_00377_SE_01	266	870	137	649	0.52	0.75	167	716	0.63	0.82	212	791	0.80	0.91	174	701	0.65	0.81	199	758	0.75	0.87	209	771	0.79	0.89	213	783	0.80	0.90	215	785	0.81	0.90
FOLK_E_00378_SE_01	371	1822	158	1404	0.43	0.77	214	1528	0.58	0.84	256	1630	0.69	0.89	208	1499	0.56	0.82	230	1550	0.62	0.85	243	1565	0.65	0.86	250	1575	0.67	0.86	256	1581	0.69	0.87
FOLK_E_00379_SE_01	449	2659	197	2046	0.44	0.77	269	2238	0.60	0.84	332	2411	0.74	0.91	242	2119	0.54	0.80	279	2197	0.62	0.83	301	2239	0.67	0.84	313	2274	0.70	0.86	324	2287	0.72	0.86
FOLK_E_00380_SE_01	1070	6145	335	4643	0.31	0.76	465	5053	0.43	0.82	653	5505	0.61	0.90	433	5032	0.40	0.82	556	5255	0.52	0.86	622	5364	0.58	0.87	669	5435	0.63	0.88	694	5472	0.65	0.89
FOLK_E_00384_SE_01	767	5931	252	4555	0.33	0.77	351	4994	0.46	0.84	475	5272	0.62	0.89	351	4846	0.46	0.82	429	5007	0.56	0.84	478	5100	0.62	0.86	501	5167	0.65	0.87	517	5198	0.67	0.88
FOLK_E_00385_SE_01	362	1825	157	1271	0.43	0.70	205	1366	0.57	0.75	255	1488	0.70	0.82	195	1312	0.54	0.72	230	1378	0.64	0.76	246	1409	0.68	0.77	259	1446	0.72	0.79	264	1454	0.73	0.80
FOLK_E_00386_SE_01	2422	22294	416	16248	0.17	0.73	643	17930	0.27	0.80	1077	19629	0.44	0.88	640	17605	0.26	0.79	941	18480	0.39	0.83	1128	18945	0.47	0.85	1243	19197	0.51	0.86	1317	19359	0.54	0.87
FOLK_E_00387_SE_01	2426	17021	351	11422	0.14	0.67	534	12442	0.22	0.73	981	14130	0.40	0.83	654	12728	0.27	0.75	966	13665	0.40	0.80	1154	14119	0.48	0.83	1276	14341	0.53	0.84	1364	14555	0.56	0.86
FOLK_E_00388_SE_01	2045	13205	337	9059	0.16	0.69	481	9925	0.24	0.75	872	11028	0.43	0.84	600	9888	0.29	0.75	839	10459	0.41	0.79	980	10762	0.48	0.81	1070	10950	0.52	0.83	1132	11077	0.55	0.84
FOLK_E_00389_SE_01	1893	11798	286	7890	0.15	0.67	432	8675	0.23	0.74	800	9799	0.42	0.83	555	8878	0.29	0.75	820	9536	0.43	0.81	970	9864	0.51	0.84	1044	9980	0.55	0.85	1101	10078	0.58	0.85
FOLK_E_00390_SE_01	4783	40164	493	27181	0.10	0.68	765	29664	0.16	0.74	1536	33400	0.32	0.83	816	29803	0.17	0.74	1365	31868	0.29	0.79	1719	32839	0.36	0.82	1960	33455	0.41	0.83	2135	33804	0.45	0.84
FOLK_E_00391_SE_01	3066	30933	458	23034	0.15	0.74	714	25099	0.23	0.81	1278	27379	0.42	0.89	743	24813	0.24	0.80	1123	25988	0.37	0.84	1355	26616	0.44	0.86	1495	26912	0.49	0.87	1585	27101	0.52	0.88
FOLK_E_00392_SE_01	1082	11076	318	8547	0.29	0.77	466	9373	0.43	0.85	635	10108	0.59	0.91	413	9451	0.38	0.85	548	9853	0.51	0.89	602	9936	0.56	0.90	651	10031	0.60	0.91	675	10068	0.62	0.91
FOLK_E_00395_SE_01	599	3152	238	2506	0.40	0.80	314	2690	0.52	0.85	407	2837	0.68	0.90	295	2558	0.49	0.81	362	2682	0.60	0.85	385	2727	0.64	0.87	406	2756	0.68	0.87	418	2772	0.70	0.88
FOLK_E_00398_SE_01	705	4522	289	3551	0.41	0.79	392	3957	0.56	0.88	498	4166	0.71	0.92	337	3786	0.48	0.84	421	3985	0.60	0.88	455	4032	0.65	0.89	484	4068	0.69	0.90	506	4098	0.72	0.91
FOLK_E_00401_SE_01	1062	7235	337	5393	0.32	0.75	477	6062	0.45	0.84	658	6502	0.62	0.90	437	5975	0.41	0.83	566	6203	0.53	0.86	633	6301	0.60	0.87	673	6375	0.63	0.88	695	6420	0.65	0.89
