Speech Event	lemmas	tokens	lemma_token_ratio
GWSS_E_00001_SE_01	635	3999	0,16	
GWSS_E_00002_SE_01	987	5879	0,17	
GWSS_E_00003_SE_01	929	4629	0,20	
GWSS_E_00004_SE_01	355	1982	0,18	
GWSS_E_00005_SE_01	461	2535	0,18	
GWSS_E_00006_SE_01	1066	7951	0,13	
GWSS_E_00007_SE_01	1328	9020	0,15	
GWSS_E_00008_SE_01	804	4531	0,18	
GWSS_E_00009_SE_01	747	3973	0,19	
GWSS_E_00010_SE_01	836	5020	0,17	
GWSS_E_00011_SE_01	759	3424	0,22	
GWSS_E_00012_SE_01	668	3318	0,20	
GWSS_E_00013_SE_01	784	4658	0,17	
GWSS_E_00014_SE_01	864	4434	0,19	
GWSS_E_00015_SE_01	1428	9791	0,15	
GWSS_E_00016_SE_01	1319	8041	0,16	
GWSS_E_00017_SE_01	957	5727	0,17	
GWSS_E_00018_SE_01	860	4866	0,18	
GWSS_E_00019_SE_01	1078	4439	0,24	
GWSS_E_00020_SE_01	1154	5653	0,20	
GWSS_E_00021_SE_01	1314	5863	0,22	
GWSS_E_00022_SE_01	995	6540	0,15	
GWSS_E_00023_SE_01	1227	7509	0,16	
GWSS_E_00024_SE_01	1232	7306	0,17	
GWSS_E_00025_SE_01	1274	6667	0,19	
GWSS_E_00026_SE_01	1246	6052	0,21	
GWSS_E_00027_SE_01	1472	5772	0,26	
GWSS_E_00028_SE_01	1083	6035	0,18	
GWSS_E_00029_SE_01	966	7033	0,14	
GWSS_E_00030_SE_01	1140	6218	0,18	
GWSS_E_00031_SE_01	1360	7087	0,19	
GWSS_E_00032_SE_01	1008	5566	0,18	
GWSS_E_00033_SE_01	1167	6189	0,19	
GWSS_E_00034_SE_01	965	6156	0,16	
GWSS_E_00035_SE_01	640	2984	0,21	
GWSS_E_00036_SE_01	784	2935	0,27	
GWSS_E_00040_SE_01	712	3478	0,20	
GWSS_E_00041_SE_01	822	4277	0,19	
GWSS_E_00042_SE_01	669	2820	0,24	
GWSS_E_00047_SE_01	501	2636	0,19	
GWSS_E_00050_SE_01	409	1940	0,21	
GWSS_E_00051_SE_01	848	5357	0,16	
GWSS_E_00052_SE_01	773	3847	0,20	
GWSS_E_00053_SE_01	534	2780	0,19	
GWSS_E_00054_SE_01	1449	10974	0,13	
GWSS_E_00055_SE_01	784	3572	0,22	
GWSS_E_00056_SE_01	934	5689	0,16	
GWSS_E_00057_SE_01	718	3530	0,20	
GWSS_E_00058_SE_01	1061	6872	0,15	
GWSS_E_00059_SE_01	863	4561	0,19	
GWSS_E_00060_SE_01	1011	6739	0,15	
GWSS_E_00061_SE_01	977	6249	0,16	
GWSS_E_00062_SE_01	643	3084	0,21	
GWSS_E_00063_SE_01	677	3491	0,19	
GWSS_E_00064_SE_01	720	4135	0,17	
GWSS_E_00065_SE_01	603	4057	0,15	
GWSS_E_00066_SE_01	484	3333	0,15	
GWSS_E_00067_SE_01	496	2539	0,20	
GWSS_E_00069_SE_01	362	1788	0,20	
GWSS_E_00070_SE_01	406	2289	0,18	
GWSS_E_00071_SE_01	435	2659	0,16	
GWSS_E_00072_SE_01	325	1642	0,20	
GWSS_E_00073_SE_01	421	2383	0,18	
GWSS_E_00074_SE_01	428	2454	0,17	
GWSS_E_00075_SE_01	683	4199	0,16	
GWSS_E_00076_SE_01	1249	8952	0,14	
GWSS_E_00077_SE_01	632	3472	0,18	
GWSS_E_00078_SE_01	548	3455	0,16	
GWSS_E_00079_SE_01	669	3322	0,20	
GWSS_E_00080_SE_01	1154	7814	0,15	
GWSS_E_00081_SE_01	866	7733	0,11	
GWSS_E_00082_SE_01	569	5101	0,11	
GWSS_E_00083_SE_01	420	2594	0,16	
GWSS_E_00084_SE_01	806	4633	0,17	
GWSS_E_00085_SE_01	169	586	0,29	
GWSS_E_00086_SE_01	127	374	0,34	
GWSS_E_00087_SE_01	211	788	0,27	
GWSS_E_00088_SE_01	152	676	0,22	
GWSS_E_00089_SE_01	221	909	0,24	
GWSS_E_00090_SE_01	239	1080	0,22	
GWSS_E_00091_SE_01	225	880	0,26	
GWSS_E_00092_SE_01	164	435	0,38	
GWSS_E_00093_SE_01	179	619	0,29	
GWSS_E_00094_SE_01	200	708	0,28	
GWSS_E_00095_SE_01	201	905	0,22	
GWSS_E_00096_SE_01	156	443	0,35	
GWSS_E_00097_SE_01	231	756	0,31	
GWSS_E_00098_SE_01	223	890	0,25	
GWSS_E_00099_SE_01	169	614	0,28	
GWSS_E_00100_SE_01	150	687	0,22	
GWSS_E_00101_SE_01	316	1130	0,28	
GWSS_E_00102_SE_01	238	887	0,27	
GWSS_E_00103_SE_01	193	618	0,31	
GWSS_E_00104_SE_01	182	616	0,30	
GWSS_E_00105_SE_01	137	440	0,31	
GWSS_E_00106_SE_01	225	878	0,26	
GWSS_E_00107_SE_01	243	1148	0,21	
GWSS_E_00108_SE_01	143	444	0,32	
GWSS_E_00109_SE_01	171	529	0,32	
GWSS_E_00110_SE_01	157	565	0,28	
GWSS_E_00111_SE_01	161	666	0,24	
GWSS_E_00112_SE_01	115	388	0,30	
GWSS_E_00113_SE_01	178	691	0,26	
GWSS_E_00114_SE_01	170	496	0,34	
GWSS_E_00115_SE_01	213	928	0,23	
GWSS_E_00116_SE_01	149	508	0,29	
GWSS_E_00117_SE_01	100	268	0,37	
GWSS_E_00118_SE_01	195	707	0,28	
GWSS_E_00119_SE_01	156	563	0,28	
GWSS_E_00120_SE_01	243	960	0,25	
GWSS_E_00121_SE_01	138	465	0,30	
GWSS_E_00122_SE_01	186	642	0,29	
GWSS_E_00123_SE_01	97	301	0,32	
GWSS_E_00124_SE_01	156	530	0,29	
GWSS_E_00125_SE_01	183	676	0,27	
GWSS_E_00126_SE_01	156	767	0,20	
GWSS_E_00127_SE_01	160	632	0,25	
GWSS_E_00128_SE_01	87	216	0,40	
GWSS_E_00129_SE_01	169	676	0,25	
GWSS_E_00130_SE_01	168	658	0,26	
GWSS_E_00131_SE_01	135	362	0,37	
GWSS_E_00132_SE_01	123	424	0,29	
GWSS_E_00133_SE_01	132	426	0,31	
GWSS_E_00134_SE_01	143	468	0,31	
GWSS_E_00135_SE_01	166	566	0,29	
GWSS_E_00136_SE_01	202	785	0,26	
GWSS_E_00137_SE_01	150	478	0,31	
GWSS_E_00138_SE_01	141	506	0,28	
GWSS_E_00139_SE_01	153	618	0,25	
GWSS_E_00140_SE_01	97	278	0,35	
GWSS_E_00141_SE_01	143	537	0,27	
GWSS_E_00142_SE_01	165	431	0,38	
GWSS_E_00143_SE_01	224	906	0,25	
GWSS_E_00144_SE_01	472	2295	0,21	
GWSS_E_00145_SE_01	571	3195	0,18	
GWSS_E_00146_SE_01	676	3549	0,19	
GWSS_E_00147_SE_01	506	2418	0,21	
GWSS_E_00148_SE_01	795	4765	0,17	
GWSS_E_00149_SE_01	662	3958	0,17	
GWSS_E_00150_SE_01	646	3975	0,16	
GWSS_E_00151_SE_01	685	3743	0,18	
GWSS_E_00152_SE_01	711	4609	0,15	
GWSS_E_00153_SE_01	781	4713	0,17	
GWSS_E_00154_SE_01	685	2617	0,26	
GWSS_E_00155_SE_01	695	3616	0,19	
GWSS_E_00156_SE_01	843	3060	0,28	
GWSS_E_00157_SE_01	885	4562	0,19	
GWSS_E_00158_SE_01	837	3199	0,26	
GWSS_E_00159_SE_01	504	2137	0,24	
GWSS_E_00160_SE_01	1028	3914	0,26	
GWSS_E_00161_SE_01	965	3867	0,25	
GWSS_E_00162_SE_01	776	3536	0,22	
GWSS_E_00163_SE_01	1084	6890	0,16	
GWSS_E_00164_SE_01	892	5088	0,18	
GWSS_E_00165_SE_01	662	4334	0,15	
GWSS_E_00166_SE_01	690	3350	0,21	
GWSS_E_00167_SE_01	572	1922	0,30	
GWSS_E_00168_SE_01	684	2303	0,30	
GWSS_E_00169_SE_01	532	1794	0,30	
GWSS_E_00170_SE_01	460	1386	0,33	
GWSS_E_00171_SE_01	991	3069	0,32	
GWSS_E_00172_SE_01	343	1085	0,32	
GWSS_E_00173_SE_01	350	1007	0,35	
GWSS_E_00174_SE_01	343	742	0,46	
GWSS_E_00175_SE_01	1057	4591	0,23	
GWSS_E_00176_SE_01	752	3092	0,24	
GWSS_E_00177_SE_01	1206	5518	0,22	
GWSS_E_00178_SE_01	542	2565	0,21	
GWSS_E_00179_SE_01	382	2263	0,17	
GWSS_E_00180_SE_01	490	2179	0,22	
GWSS_E_00181_SE_01	438	2166	0,20	
GWSS_E_00182_SE_01	556	2958	0,19	
GWSS_E_00183_SE_01	430	2023	0,21	
GWSS_E_00184_SE_01	603	3056	0,20	
GWSS_E_00185_SE_01	507	2741	0,18	
GWSS_E_00186_SE_01	399	1513	0,26	
GWSS_E_00187_SE_01	558	2686	0,21	
GWSS_E_00188_SE_01	729	3811	0,19	
GWSS_E_00189_SE_01	577	3513	0,16	
GWSS_E_00190_SE_01	637	3656	0,17	
GWSS_E_00191_SE_01	520	3472	0,15	
GWSS_E_00192_SE_01	594	3952	0,15	
GWSS_E_00193_SE_01	675	3827	0,18	
GWSS_E_00194_SE_01	546	2572	0,21	
GWSS_E_00195_SE_01	577	2607	0,22	
GWSS_E_00196_SE_01	522	2467	0,21	
GWSS_E_00197_SE_01	602	3554	0,17	
GWSS_E_00198_SE_01	543	2631	0,21	
GWSS_E_00199_SE_01	622	3644	0,17	
GWSS_E_00200_SE_01	589	3688	0,16	
GWSS_E_00201_SE_01	514	2582	0,20	
GWSS_E_00202_SE_01	499	2938	0,17	
GWSS_E_00203_SE_01	482	2666	0,18	
GWSS_E_00204_SE_01	625	3741	0,17	
GWSS_E_00205_SE_01	621	3704	0,17	
GWSS_E_00206_SE_01	561	3066	0,18	
GWSS_E_00207_SE_01	569	2499	0,23	
GWSS_E_00208_SE_01	238	887	0,27	
GWSS_E_00209_SE_01	401	2176	0,18	
GWSS_E_00210_SE_01	231	736	0,31	
GWSS_E_00211_SE_01	390	2181	0,18	
GWSS_E_00212_SE_01	619	4168	0,15	
GWSS_E_00213_SE_01	302	1372	0,22	
GWSS_E_00214_SE_01	257	855	0,30	
GWSS_E_00215_SE_01	338	825	0,41	
GWSS_E_00216_SE_01	329	1269	0,26	
GWSS_E_00217_SE_01	339	1233	0,27	
GWSS_E_00218_SE_01	333	895	0,37	
GWSS_E_00219_SE_01	232	878	0,26	
GWSS_E_00220_SE_01	415	1548	0,27	
GWSS_E_00221_SE_01	194	613	0,32	
GWSS_E_00222_SE_01	293	966	0,30	
GWSS_E_00223_SE_01	214	688	0,31	
GWSS_E_00224_SE_01	155	457	0,34	
GWSS_E_00225_SE_01	612	3074	0,20	
GWSS_E_00226_SE_01	633	2887	0,22	
GWSS_E_00227_SE_01	576	3482	0,17	
GWSS_E_00228_SE_01	561	3381	0,17	
GWSS_E_00229_SE_01	698	4156	0,17	
GWSS_E_00230_SE_01	919	4932	0,19	
GWSS_E_00231_SE_01	1044	4773	0,22	
GWSS_E_00232_SE_01	990	4466	0,22	
GWSS_E_00233_SE_01	940	2521	0,37	
GWSS_E_00234_SE_01	1145	3303	0,35	
GWSS_E_00235_SE_01	916	4779	0,19	
GWSS_E_00236_SE_01	1343	6213	0,22	
GWSS_E_00237_SE_01	1237	5564	0,22	
GWSS_E_00238_SE_01	740	3941	0,19	
GWSS_E_00239_SE_01	779	3270	0,24	
GWSS_E_00240_SE_01	731	2918	0,25	
GWSS_E_00241_SE_01	633	2983	0,21	
GWSS_E_00242_SE_01	715	4912	0,15	
GWSS_E_00243_SE_01	515	2714	0,19	
GWSS_E_00244_SE_01	784	3624	0,22	
GWSS_E_00245_SE_01	636	3028	0,21	
GWSS_E_00246_SE_01	961	5509	0,17	
GWSS_E_00247_SE_01	733	3509	0,21	
GWSS_E_00248_SE_01	770	4352	0,18	
GWSS_E_00300_SE_01	333	863	0,39	
GWSS_E_00300_SE_02	234	809	0,29	
GWSS_E_00301_SE_01	230	804	0,29	
GWSS_E_00301_SE_02	183	593	0,31	
GWSS_E_00302_SE_01	302	1044	0,29	
GWSS_E_00302_SE_02	147	432	0,34	
GWSS_E_00303_SE_01	225	582	0,39	
GWSS_E_00303_SE_02	127	317	0,40	
GWSS_E_00304_SE_01	293	999	0,29	
GWSS_E_00304_SE_02	522	2027	0,26	
GWSS_E_00305_SE_01	214	662	0,32	
GWSS_E_00305_SE_02	80	174	0,46	
GWSS_E_00306_SE_01	263	745	0,35	
GWSS_E_00306_SE_02	322	1275	0,25	
GWSS_E_00307_SE_01	211	566	0,37	
GWSS_E_00307_SE_02	233	684	0,34	
GWSS_E_00308_SE_01	184	443	0,42	
GWSS_E_00308_SE_02	370	1603	0,23	
GWSS_E_00309_SE_01	263	732	0,36	
GWSS_E_00309_SE_02	356	1516	0,23	
GWSS_E_00310_SE_01	271	805	0,34	
GWSS_E_00310_SE_02	214	693	0,31	
GWSS_E_00311_SE_01	323	1117	0,29	
GWSS_E_00311_SE_02	102	259	0,39	
GWSS_E_00312_SE_01	219	626	0,35	
GWSS_E_00312_SE_02	228	832	0,27	
GWSS_E_00313_SE_01	222	506	0,44	
GWSS_E_00313_SE_02	264	836	0,32	
GWSS_E_00314_SE_01	205	541	0,38	
GWSS_E_00314_SE_02	203	580	0,35	
GWSS_E_00315_SE_01	217	514	0,42	
GWSS_E_00315_SE_02	261	1024	0,25	
GWSS_E_00316_SE_01	228	664	0,34	
GWSS_E_00316_SE_02	194	540	0,36	
GWSS_E_00317_SE_01	269	729	0,37	
GWSS_E_00317_SE_02	135	406	0,33	
GWSS_E_00318_SE_01	183	458	0,40	
GWSS_E_00318_SE_02	349	1413	0,25	
