Speech Event	contributions per minute	average contribution length	% contributions with 1-2 words
FOLK_E_00001_SE_01	9,49	13,47	28,92	
FOLK_E_00002_SE_01	6,80	14,24	34,60	
FOLK_E_00003_SE_01	12,25	16,35	22,71	
FOLK_E_00004_SE_01	8,07	16,96	31,29	
FOLK_E_00005_SE_01	9,19	9,65	31,41	
FOLK_E_00006_SE_01	8,24	15,86	24,57	
FOLK_E_00007_SE_01	7,38	15,84	28,37	
FOLK_E_00008_SE_01	7,97	14,08	32,14	
FOLK_E_00009_SE_01	7,80	16,43	26,49	
FOLK_E_00010_SE_01	17,71	6,48	31,33	
FOLK_E_00011_SE_01	20,29	6,06	33,22	
FOLK_E_00012_SE_01	19,23	6,64	28,96	
FOLK_E_00013_SE_01	13,77	7,87	30,49	
FOLK_E_00014_SE_01	15,10	7,22	37,87	
FOLK_E_00015_SE_01	8,14	19,75	27,60	
FOLK_E_00016_SE_01	3,79	27,79	38,65	
FOLK_E_00017_SE_01	10,02	10,80	43,66	
FOLK_E_00018_SE_01	23,16	8,59	24,55	
FOLK_E_00020_SE_01	28,36	5,46	37,85	
FOLK_E_00021_SE_01	41,03	4,14	42,93	
FOLK_E_00022_SE_01	13,83	11,69	34,28	
FOLK_E_00024_SE_01	19,55	10,84	31,61	
FOLK_E_00026_SE_01	13,55	13,12	32,63	
FOLK_E_00027_SE_01	15,57	9,46	26,82	
FOLK_E_00028_SE_01	9,13	16,93	23,13	
FOLK_E_00029_SE_01	12,19	9,12	33,15	
FOLK_E_00030_SE_01	14,85	8,11	25,71	
FOLK_E_00031_SE_01	15,61	8,92	33,33	
FOLK_E_00032_SE_01	7,36	18,24	24,64	
FOLK_E_00033_SE_01	8,45	19,02	25,66	
FOLK_E_00034_SE_01	8,98	16,05	24,64	
FOLK_E_00035_SE_01	8,55	16,87	27,65	
FOLK_E_00036_SE_01	8,15	18,04	21,77	
FOLK_E_00037_SE_01	5,88	18,38	26,01	
FOLK_E_00038_SE_01	9,16	12,21	28,09	
FOLK_E_00039_SE_01	20,40	6,04	41,15	
FOLK_E_00040_SE_01	21,52	5,50	37,82	
FOLK_E_00042_SE_01	21,09	11,41	23,79	
FOLK_E_00043_SE_01	18,10	8,55	23,76	
FOLK_E_00044_SE_01	13,71	14,59	32,72	
FOLK_E_00045_SE_01	22,55	9,34	23,70	
FOLK_E_00046_SE_01	22,23	9,91	20,86	
FOLK_E_00047_SE_01	16,04	9,70	24,33	
FOLK_E_00048_SE_01	25,38	8,66	32,13	
FOLK_E_00049_SE_01	18,54	11,27	18,71	
FOLK_E_00050_SE_01	20,81	9,79	32,52	
FOLK_E_00052_SE_01	18,40	7,22	34,68	
FOLK_E_00053_SE_01	23,11	7,42	31,19	
FOLK_E_00055_SE_01	25,50	8,84	34,28	
FOLK_E_00056_SE_01	15,68	11,12	37,41	
FOLK_E_00057_SE_01	7,32	21,91	25,70	
FOLK_E_00058_SE_01	10,62	17,53	35,20	
FOLK_E_00059_SE_01	8,45	21,47	25,53	
FOLK_E_00060_SE_01	13,43	12,02	28,73	
FOLK_E_00061_SE_01	9,74	17,28	33,70	
FOLK_E_00062_SE_01	10,02	13,45	34,60	
FOLK_E_00064_SE_01	4,08	54,16	21,37	
FOLK_E_00066_SE_01	15,24	11,27	28,69	
FOLK_E_00068_SE_01	6,09	49,58	27,97	
FOLK_E_00069_SE_01	6,68	26,24	24,14	
FOLK_E_00070_SE_01	5,58	52,20	22,23	
FOLK_E_00074_SE_01	17,02	8,58	34,30	
FOLK_E_00076_SE_01	8,18	11,39	29,24	
FOLK_E_00077_SE_01	16,94	10,61	30,26	
FOLK_E_00079_SE_01	18,00	7,61	33,46	
FOLK_E_00080_SE_01	13,35	9,12	25,81	
FOLK_E_00081_SE_01	14,67	8,80	28,79	
FOLK_E_00082_SE_01	25,63	9,98	32,29	
FOLK_E_00083_SE_01	7,81	12,41	38,19	
FOLK_E_00084_SE_01	14,24	14,56	23,72	
FOLK_E_00085_SE_01	11,75	7,66	26,88	
FOLK_E_00086_SE_01	18,52	8,17	31,06	
FOLK_E_00087_SE_01	19,01	7,50	36,02	
FOLK_E_00088_SE_01	18,16	8,65	24,32	
FOLK_E_00089_SE_01	19,67	8,46	32,89	
FOLK_E_00090_SE_01	17,34	7,90	38,22	
FOLK_E_00091_SE_01	19,80	8,69	35,52	
FOLK_E_00092_SE_01	33,12	6,71	32,64	
FOLK_E_00093_SE_01	15,17	9,24	32,18	
FOLK_E_00094_SE_01	18,76	6,13	36,02	
FOLK_E_00095_SE_01	20,80	7,25	35,77	
FOLK_E_00096_SE_01	13,76	6,29	51,28	
FOLK_E_00097_SE_01	22,26	6,80	38,28	
FOLK_E_00098_SE_01	19,33	6,26	38,39	
FOLK_E_00099_SE_01	26,16	8,34	37,50	
FOLK_E_00100_SE_01	22,02	6,39	38,45	
FOLK_E_00101_SE_01	19,54	8,30	35,09	
FOLK_E_00102_SE_01	17,79	9,02	38,41	
FOLK_E_00103_SE_01	20,36	7,53	27,40	
FOLK_E_00104_SE_01	22,03	6,21	37,10	
FOLK_E_00105_SE_01	22,97	6,70	32,34	
FOLK_E_00106_SE_01	18,56	7,68	35,20	
FOLK_E_00107_SE_01	12,00	8,47	42,50	
FOLK_E_00108_SE_01	16,77	8,18	32,31	
FOLK_E_00109_SE_01	19,35	7,03	42,11	
FOLK_E_00110_SE_01	17,81	8,35	37,37	
FOLK_E_00111_SE_01	8,43	19,28	27,56	
FOLK_E_00112_SE_01	13,08	12,09	28,13	
FOLK_E_00113_SE_01	4,59	34,19	35,14	
FOLK_E_00114_SE_01	13,40	15,81	33,90	
FOLK_E_00115_SE_01	6,87	22,49	35,75	
FOLK_E_00116_SE_01	12,00	9,33	29,17	
FOLK_E_00117_SE_01	5,57	31,90	35,14	
FOLK_E_00118_SE_01	8,19	22,98	35,98	
FOLK_E_00119_SE_01	21,52	7,63	31,66	
FOLK_E_00120_SE_01	7,97	14,54	28,70	
FOLK_E_00121_SE_01	10,05	14,78	28,21	
FOLK_E_00123_SE_01	5,96	18,49	31,91	
FOLK_E_00124_SE_01	11,19	11,52	27,41	
FOLK_E_00125_SE_01	5,77	20,29	25,52	
FOLK_E_00126_SE_01	4,04	60,64	19,44	
FOLK_E_00127_SE_01	5,86	14,21	29,24	
FOLK_E_00128_SE_01	9,82	13,35	28,49	
FOLK_E_00129_SE_01	16,26	12,83	22,37	
FOLK_E_00130_SE_01	8,91	16,36	27,41	
FOLK_E_00132_SE_01	28,87	5,65	35,97	
FOLK_E_00133_SE_01	34,58	7,04	30,04	
FOLK_E_00134_SE_01	25,34	7,29	26,77	
FOLK_E_00135_SE_01	28,16	6,33	35,98	
FOLK_E_00136_SE_01	26,13	5,90	30,41	
FOLK_E_00137_SE_01	28,71	4,61	38,06	
FOLK_E_00138_SE_01	30,94	5,52	38,07	
FOLK_E_00139_SE_01	28,85	6,68	31,13	
FOLK_E_00140_SE_01	21,24	5,41	37,50	
FOLK_E_00141_SE_01	27,27	5,77	27,78	
FOLK_E_00142_SE_01	20,07	6,78	38,12	
FOLK_E_00143_SE_01	20,85	8,53	26,83	
FOLK_E_00144_SE_01	6,82	33,28	21,21	
FOLK_E_00146_SE_01	3,39	28,64	30,95	
FOLK_E_00147_SE_01	13,56	12,01	27,65	
FOLK_E_00148_SE_01	13,09	14,43	25,65	
FOLK_E_00150_SE_01	11,62	14,98	31,54	
FOLK_E_00151_SE_01	17,90	10,84	18,10	
FOLK_E_00152_SE_01	13,07	10,12	35,70	
FOLK_E_00153_SE_01	41,54	4,89	22,22	
FOLK_E_00154_SE_01	22,11	6,57	28,57	
FOLK_E_00155_SE_01	21,29	9,45	27,27	
FOLK_E_00156_SE_01	9,72	8,45	32,37	
FOLK_E_00157_SE_01	17,64	8,72	31,70	
FOLK_E_00158_SE_01	19,33	7,38	34,48	
FOLK_E_00159_SE_01	15,00	6,78	44,44	
FOLK_E_00160_SE_01	11,33	15,33	29,24	
FOLK_E_00161_SE_01	25,33	8,28	37,18	
FOLK_E_00162_SE_01	10,81	9,00	27,46	
FOLK_E_00163_SE_01	8,04	12,36	27,44	
FOLK_E_00165_SE_01	16,36	10,39	29,68	
FOLK_E_00166_SE_01	8,79	18,66	28,57	
FOLK_E_00167_SE_01	11,09	12,06	40,00	
FOLK_E_00168_SE_01	13,97	8,02	42,87	
FOLK_E_00169_SE_01	9,87	10,50	36,89	
FOLK_E_00171_SE_01	8,20	18,01	40,86	
FOLK_E_00172_SE_01	9,12	8,38	46,39	
FOLK_E_00173_SE_01	17,07	11,29	33,15	
FOLK_E_00174_SE_01	13,53	12,37	38,17	
FOLK_E_00175_SE_01	40,27	5,72	27,18	
FOLK_E_00176_SE_01	17,64	8,38	38,66	
FOLK_E_00177_SE_01	13,75	10,84	29,49	
FOLK_E_00178_SE_01	11,55	15,67	28,11	
FOLK_E_00179_SE_01	12,47	12,02	26,36	
FOLK_E_00180_SE_01	14,81	10,33	27,83	
FOLK_E_00181_SE_01	16,26	12,10	22,60	
FOLK_E_00182_SE_01	14,08	15,64	25,13	
FOLK_E_00183_SE_01	19,69	7,52	31,75	
FOLK_E_00184_SE_01	13,62	13,89	24,74	
FOLK_E_00185_SE_01	12,79	12,76	22,49	
FOLK_E_00186_SE_01	14,59	9,04	27,41	
FOLK_E_00187_SE_01	13,37	14,86	20,25	
FOLK_E_00188_SE_01	22,43	6,59	37,13	
FOLK_E_00189_SE_01	22,09	6,28	36,73	
FOLK_E_00190_SE_01	13,85	14,14	29,76	
FOLK_E_00191_SE_01	9,36	19,72	22,41	
FOLK_E_00193_SE_01	20,13	8,93	39,85	
FOLK_E_00194_SE_01	16,54	11,09	34,77	
FOLK_E_00197_SE_01	21,30	9,89	30,24	
FOLK_E_00198_SE_01	11,34	8,99	24,10	
FOLK_E_00201_SE_01	25,88	6,43	41,22	
FOLK_E_00202_SE_01	29,15	7,45	28,39	
FOLK_E_00203_SE_01	14,26	8,05	37,74	
FOLK_E_00204_SE_01	32,59	5,65	33,43	
FOLK_E_00206_SE_01	5,00	30,48	35,92	
FOLK_E_00207_SE_01	26,84	5,74	39,51	
FOLK_E_00208_SE_01	21,45	6,49	39,91	
FOLK_E_00209_SE_01	21,88	5,69	41,80	
FOLK_E_00210_SE_01	4,25	126,35	22,02	
FOLK_E_00211_SE_01	22,54	9,49	25,68	
FOLK_E_00212_SE_01	20,31	6,36	31,82	
FOLK_E_00213_SE_01	33,39	6,74	34,99	
FOLK_E_00214_SE_01	18,72	10,43	27,27	
FOLK_E_00215_SE_01	27,67	7,56	40,59	
FOLK_E_00216_SE_01	22,25	7,85	25,32	
FOLK_E_00217_SE_01	11,36	11,44	30,88	
FOLK_E_00218_SE_01	12,71	13,26	29,73	
FOLK_E_00219_SE_01	11,43	8,11	39,06	
FOLK_E_00220_SE_01	15,69	11,92	29,76	
FOLK_E_00221_SE_01	15,82	8,65	26,39	
FOLK_E_00223_SE_01	26,54	7,57	39,13	
FOLK_E_00224_SE_01	17,67	10,19	38,74	
FOLK_E_00225_SE_01	16,97	10,95	26,41	
FOLK_E_00226_SE_01	11,70	17,11	26,29	
FOLK_E_00227_SE_01	23,94	7,76	35,37	
FOLK_E_00228_SE_01	14,04	11,34	29,83	
FOLK_E_00229_SE_01	28,00	5,86	19,05	
FOLK_E_00230_SE_01	22,64	7,05	25,00	
FOLK_E_00231_SE_01	22,40	13,36	25,00	
FOLK_E_00235_SE_01	16,69	6,91	38,30	
FOLK_E_00237_SE_01	22,50	7,90	42,86	
FOLK_E_00238_SE_01	15,60	9,12	26,92	
FOLK_E_00239_SE_01	10,00	5,75	45,00	
FOLK_E_00243_SE_01	12,13	8,76	29,10	
FOLK_E_00246_SE_01	11,08	11,42	22,22	
FOLK_E_00248_SE_01	9,82	17,30	27,46	
FOLK_E_00250_SE_01	10,60	14,30	38,18	
FOLK_E_00251_SE_01	38,81	5,84	37,60	
FOLK_E_00252_SE_01	39,73	5,37	39,30	
FOLK_E_00253_SE_01	38,26	6,25	47,01	
FOLK_E_00254_SE_01	22,54	8,63	41,94	
FOLK_E_00255_SE_01	32,36	7,34	36,36	
FOLK_E_00256_SE_01	11,83	13,88	45,73	
FOLK_E_00257_SE_01	17,00	10,65	43,68	
FOLK_E_00258_SE_01	6,80	27,35	40,91	
FOLK_E_00259_SE_01	18,02	6,11	25,89	
FOLK_E_00260_SE_01	14,57	8,13	32,19	
FOLK_E_00261_SE_01	18,28	9,99	37,07	
FOLK_E_00262_SE_01	7,40	144,63	13,49	
FOLK_E_00263_SE_01	2,66	66,77	30,53	
FOLK_E_00264_SE_01	21,97	11,41	37,18	
FOLK_E_00265_SE_01	27,45	6,73	34,46	
FOLK_E_00266_SE_01	28,10	6,40	36,62	
FOLK_E_00267_SE_01	20,36	10,30	33,30	
FOLK_E_00268_SE_01	14,86	10,80	20,90	
FOLK_E_00269_SE_01	14,39	10,67	42,79	
FOLK_E_00270_SE_01	21,22	8,65	24,90	
FOLK_E_00271_SE_01	9,93	12,26	26,77	
FOLK_E_00272_SE_01	14,80	8,05	32,58	
FOLK_E_00273_SE_01	23,02	7,92	40,67	
FOLK_E_00274_SE_01	21,82	6,98	33,31	
FOLK_E_00285_SE_01	22,06	7,17	35,90	
FOLK_E_00286_SE_01	17,06	6,82	36,24	
FOLK_E_00287_SE_01	29,75	7,84	34,31	
FOLK_E_00288_SE_01	17,79	9,09	27,60	
FOLK_E_00289_SE_01	15,46	7,14	41,10	
FOLK_E_00290_SE_01	27,63	6,48	34,03	
FOLK_E_00291_SE_01	31,72	7,20	35,10	
FOLK_E_00292_SE_01	12,59	10,91	40,07	
FOLK_E_00293_SE_01	22,96	9,43	23,26	
FOLK_E_00294_SE_01	13,57	13,61	33,77	
FOLK_E_00295_SE_01	13,91	14,55	23,92	
FOLK_E_00296_SE_01	9,44	17,79	35,97	
FOLK_E_00298_SE_01	17,69	6,91	21,74	
FOLK_E_00299_SE_01	10,28	7,83	36,45	
FOLK_E_00300_SE_01	43,73	5,42	35,56	
FOLK_E_00301_SE_01	11,66	9,08	28,47	
FOLK_E_00302_SE_01	19,38	10,11	39,05	
FOLK_E_00303_SE_01	29,61	6,50	53,69	
FOLK_E_00304_SE_01	23,80	6,39	16,90	
FOLK_E_00305_SE_01	20,00	9,10	24,14	
FOLK_E_00308_SE_01	27,64	5,18	34,85	
FOLK_E_00309_SE_01	21,38	5,15	41,11	
FOLK_E_00313_SE_01	5,17	66,36	18,68	
FOLK_E_00318_SE_01	10,98	6,77	35,65	
FOLK_E_00319_SE_01	11,55	8,51	31,45	
FOLK_E_00321_SE_01	12,83	10,86	30,13	
FOLK_E_00322_SE_01	17,05	9,13	31,53	
FOLK_E_00323_SE_01	13,85	10,46	41,27	
FOLK_E_00324_SE_01	13,01	14,65	37,04	
FOLK_E_00325_SE_01	17,13	10,74	35,93	
FOLK_E_00327_SE_01	13,68	7,60	29,54	
FOLK_E_00329_SE_01	30,45	6,43	38,83	
FOLK_E_00330_SE_01	20,23	8,60	37,83	
FOLK_E_00331_SE_01	17,80	7,60	27,79	
FOLK_E_00332_SE_01	17,22	5,50	34,45	
FOLK_E_00333_SE_01	14,69	9,26	17,74	
FOLK_E_00334_SE_01	7,22	8,21	34,96	
FOLK_E_00335_SE_01	28,89	4,16	40,68	
FOLK_E_00337_SE_01	6,83	25,03	34,81	
FOLK_E_00338_SE_01	5,17	32,64	15,23	
FOLK_E_00339_SE_01	9,91	16,57	40,51	
FOLK_E_00340_SE_01	24,99	9,35	33,10	
FOLK_E_00342_SE_01	19,62	8,54	38,57	
FOLK_E_00343_SE_01	13,85	13,75	23,06	
FOLK_E_00344_SE_01	14,63	10,46	27,78	
FOLK_E_00345_SE_01	17,23	204,24	1,70	
FOLK_E_00346_SE_01	14,59	18,88	22,71	
FOLK_E_00347_SE_01	15,69	10,69	30,13	
FOLK_E_00348_SE_01	13,78	13,16	30,33	
FOLK_E_00349_SE_01	4,87	35,77	28,27	
FOLK_E_00350_SE_01	6,24	23,18	30,89	
FOLK_E_00351_SE_01	5,23	29,41	26,09	
FOLK_E_00352_SE_01	5,99	43,79	30,46	
FOLK_E_00353_SE_01	15,23	10,46	28,53	
FOLK_E_00354_SE_01	14,06	14,58	24,77	
FOLK_E_00355_SE_01	19,91	7,68	34,89	
FOLK_E_00356_SE_01	16,65	6,63	28,66	
FOLK_E_00357_SE_01	24,80	5,35	37,36	
FOLK_E_00359_SE_01	17,24	6,71	35,26	
FOLK_E_00360_SE_01	8,72	11,95	33,33	
FOLK_E_00361_SE_01	1,59	104,40	14,71	
FOLK_E_00362_SE_01	15,58	7,76	43,75	
FOLK_E_00363_SE_01	11,95	10,51	30,93	
FOLK_E_00364_SE_01	20,28	7,45	32,74	
FOLK_E_00365_SE_01	19,13	7,44	36,80	
FOLK_E_00366_SE_01	12,26	4,93	42,86	
FOLK_E_00367_SE_01	9,23	4,08	33,33	
FOLK_E_00368_SE_01	8,48	7,69	30,77	
FOLK_E_00370_SE_01	23,36	7,31	28,37	
FOLK_E_00371_SE_01	10,96	17,62	23,30	
