Speech Event	tokens	content	ratio
FOLK_E_00001_SE_01	6987	3163	0,45	
FOLK_E_00002_SE_01	3047	1526	0,50	
FOLK_E_00003_SE_01	4012	1562	0,39	
FOLK_E_00004_SE_01	9982	4122	0,41	
FOLK_E_00005_SE_01	6829	3048	0,45	
FOLK_E_00006_SE_01	5480	2462	0,45	
FOLK_E_00007_SE_01	9644	3818	0,40	
FOLK_E_00008_SE_01	6378	2856	0,45	
FOLK_E_00009_SE_01	4967	2123	0,43	
FOLK_E_00010_SE_01	5522	2229	0,40	
FOLK_E_00011_SE_01	24379	8579	0,35	
FOLK_E_00012_SE_01	5176	2040	0,39	
FOLK_E_00013_SE_01	4112	1836	0,45	
FOLK_E_00014_SE_01	3541	1559	0,44	
FOLK_E_00015_SE_01	7948	3156	0,40	
FOLK_E_00016_SE_01	4561	2184	0,48	
FOLK_E_00017_SE_01	1639	787	0,48	
FOLK_E_00018_SE_01	4321	1760	0,41	
FOLK_E_00020_SE_01	4349	1652	0,38	
FOLK_E_00021_SE_01	56766	21005	0,37	
FOLK_E_00022_SE_01	19957	7736	0,39	
FOLK_E_00024_SE_01	33583	13014	0,39	
FOLK_E_00026_SE_01	32207	12702	0,39	
FOLK_E_00027_SE_01	4933	1907	0,39	
FOLK_E_00028_SE_01	4647	1849	0,40	
FOLK_E_00029_SE_01	1997	760	0,38	
FOLK_E_00030_SE_01	10337	4300	0,42	
FOLK_E_00031_SE_01	2554	919	0,36	
FOLK_E_00032_SE_01	3973	1614	0,41	
FOLK_E_00033_SE_01	5049	2057	0,41	
FOLK_E_00034_SE_01	4543	1876	0,41	
FOLK_E_00035_SE_01	4461	1806	0,40	
FOLK_E_00036_SE_01	4677	1912	0,41	
FOLK_E_00037_SE_01	3457	1471	0,43	
FOLK_E_00038_SE_01	3331	1369	0,41	
FOLK_E_00039_SE_01	8353	3123	0,37	
FOLK_E_00040_SE_01	8763	3308	0,38	
FOLK_E_00042_SE_01	15892	6030	0,38	
FOLK_E_00043_SE_01	2427	985	0,41	
FOLK_E_00044_SE_01	6983	2675	0,38	
FOLK_E_00045_SE_01	5842	2248	0,38	
FOLK_E_00046_SE_01	7862	3057	0,39	
FOLK_E_00047_SE_01	9029	3548	0,39	
FOLK_E_00048_SE_01	12389	4576	0,37	
FOLK_E_00049_SE_01	6404	2617	0,41	
FOLK_E_00050_SE_01	2243	852	0,38	
FOLK_E_00052_SE_01	4190	1688	0,40	
FOLK_E_00053_SE_01	3262	1197	0,37	
FOLK_E_00055_SE_01	30702	11683	0,38	
FOLK_E_00056_SE_01	5945	2253	0,38	
FOLK_E_00057_SE_01	9080	3503	0,39	
FOLK_E_00058_SE_01	9836	3966	0,40	
FOLK_E_00059_SE_01	8089	3269	0,40	
FOLK_E_00060_SE_01	5759	2168	0,38	
FOLK_E_00061_SE_01	4893	1963	0,40	
FOLK_E_00062_SE_01	4469	1880	0,42	
FOLK_E_00064_SE_01	52001	23380	0,45	
FOLK_E_00066_SE_01	24815	10424	0,42	
FOLK_E_00068_SE_01	51248	22888	0,45	
FOLK_E_00069_SE_01	50817	22787	0,45	
FOLK_E_00070_SE_01	53422	23937	0,45	
FOLK_E_00074_SE_01	5975	2155	0,36	
FOLK_E_00076_SE_01	2022	976	0,48	
FOLK_E_00077_SE_01	3976	1599	0,40	
FOLK_E_00079_SE_01	3984	1612	0,40	
FOLK_E_00080_SE_01	2395	881	0,37	
FOLK_E_00081_SE_01	1075	414	0,39	
FOLK_E_00082_SE_01	9390	3485	0,37	
FOLK_E_00083_SE_01	5365	2558	0,48	
FOLK_E_00084_SE_01	14731	5511	0,37	
FOLK_E_00085_SE_01	692	262	0,38	
FOLK_E_00086_SE_01	2706	1125	0,42	
FOLK_E_00087_SE_01	1914	754	0,39	
FOLK_E_00088_SE_01	3080	1180	0,38	
FOLK_E_00089_SE_01	3166	1239	0,39	
FOLK_E_00090_SE_01	2856	1154	0,40	
FOLK_E_00091_SE_01	2912	1208	0,41	
FOLK_E_00092_SE_01	1677	580	0,35	
FOLK_E_00093_SE_01	2900	1163	0,40	
FOLK_E_00094_SE_01	3061	1168	0,38	
FOLK_E_00095_SE_01	2700	1101	0,41	
FOLK_E_00096_SE_01	1036	454	0,44	
FOLK_E_00097_SE_01	1731	673	0,39	
FOLK_E_00098_SE_01	1358	598	0,44	
FOLK_E_00099_SE_01	3026	1186	0,39	
FOLK_E_00100_SE_01	3213	1238	0,39	
FOLK_E_00101_SE_01	3242	1319	0,41	
FOLK_E_00102_SE_01	1484	618	0,42	
FOLK_E_00103_SE_01	4353	1636	0,38	
FOLK_E_00104_SE_01	1394	537	0,39	
FOLK_E_00105_SE_01	5099	1926	0,38	
FOLK_E_00106_SE_01	1908	761	0,40	
FOLK_E_00107_SE_01	1145	453	0,40	
FOLK_E_00108_SE_01	2192	906	0,41	
FOLK_E_00109_SE_01	1542	648	0,42	
FOLK_E_00110_SE_01	3190	1270	0,40	
FOLK_E_00111_SE_01	2492	1159	0,47	
FOLK_E_00112_SE_01	2048	881	0,43	
FOLK_E_00113_SE_01	1345	633	0,47	
FOLK_E_00114_SE_01	9281	3959	0,43	
FOLK_E_00115_SE_01	3963	1741	0,44	
FOLK_E_00116_SE_01	497	251	0,51	
FOLK_E_00117_SE_01	3353	1562	0,47	
FOLK_E_00118_SE_01	5185	2305	0,44	
FOLK_E_00119_SE_01	6790	2713	0,40	
FOLK_E_00120_SE_01	4860	1953	0,40	
FOLK_E_00121_SE_01	11769	4964	0,42	
FOLK_E_00123_SE_01	2419	1150	0,48	
FOLK_E_00124_SE_01	5226	2318	0,44	
FOLK_E_00125_SE_01	7677	3241	0,42	
FOLK_E_00126_SE_01	14933	7003	0,47	
FOLK_E_00127_SE_01	3414	1411	0,41	
FOLK_E_00128_SE_01	10985	4691	0,43	
FOLK_E_00129_SE_01	8420	3171	0,38	
FOLK_E_00130_SE_01	7132	2754	0,39	
FOLK_E_00132_SE_01	55570	21658	0,39	
FOLK_E_00133_SE_01	5277	2071	0,39	
FOLK_E_00134_SE_01	2931	1199	0,41	
FOLK_E_00135_SE_01	1370	570	0,42	
FOLK_E_00136_SE_01	2175	888	0,41	
FOLK_E_00137_SE_01	596	242	0,41	
FOLK_E_00138_SE_01	2256	908	0,40	
FOLK_E_00139_SE_01	1026	388	0,38	
FOLK_E_00140_SE_01	2368	894	0,38	
FOLK_E_00141_SE_01	1079	445	0,41	
FOLK_E_00142_SE_01	1412	573	0,41	
FOLK_E_00143_SE_01	29759	11785	0,40	
FOLK_E_00144_SE_01	6050	2467	0,41	
FOLK_E_00146_SE_01	6080	2883	0,47	
FOLK_E_00147_SE_01	14394	5924	0,41	
FOLK_E_00148_SE_01	11238	4200	0,37	
FOLK_E_00150_SE_01	2023	841	0,42	
FOLK_E_00151_SE_01	1127	440	0,39	
FOLK_E_00152_SE_01	12344	5230	0,42	
FOLK_E_00153_SE_01	48	18	0,38	
FOLK_E_00154_SE_01	44	18	0,41	
FOLK_E_00155_SE_01	62	24	0,39	
FOLK_E_00156_SE_01	1223	477	0,39	
FOLK_E_00157_SE_01	6948	2831	0,41	
FOLK_E_00158_SE_01	257	108	0,42	
FOLK_E_00159_SE_01	59	25	0,42	
FOLK_E_00160_SE_01	6609	2653	0,40	
FOLK_E_00161_SE_01	19215	7421	0,39	
FOLK_E_00162_SE_01	9575	4244	0,44	
FOLK_E_00163_SE_01	4799	2122	0,44	
FOLK_E_00165_SE_01	9692	4113	0,42	
FOLK_E_00166_SE_01	5566	2413	0,43	
FOLK_E_00167_SE_01	6260	2885	0,46	
FOLK_E_00168_SE_01	6884	3123	0,45	
FOLK_E_00169_SE_01	5915	2557	0,43	
FOLK_E_00171_SE_01	6148	2810	0,46	
FOLK_E_00172_SE_01	4189	1955	0,47	
FOLK_E_00173_SE_01	19647	7806	0,40	
FOLK_E_00174_SE_01	15170	6186	0,41	
FOLK_E_00175_SE_01	5531	2249	0,41	
FOLK_E_00176_SE_01	6509	2432	0,37	
FOLK_E_00177_SE_01	6863	2553	0,37	
FOLK_E_00178_SE_01	7175	2495	0,35	
FOLK_E_00179_SE_01	8717	3318	0,38	
FOLK_E_00180_SE_01	4614	1809	0,39	
FOLK_E_00181_SE_01	7919	2948	0,37	
FOLK_E_00182_SE_01	9051	3248	0,36	
FOLK_E_00183_SE_01	5918	2013	0,34	
FOLK_E_00184_SE_01	7839	2464	0,31	
FOLK_E_00185_SE_01	6763	2557	0,38	
FOLK_E_00186_SE_01	5257	2159	0,41	
FOLK_E_00187_SE_01	8840	3389	0,38	
FOLK_E_00188_SE_01	1722	684	0,40	
FOLK_E_00189_SE_01	4793	1826	0,38	
FOLK_E_00190_SE_01	3615	1426	0,39	
FOLK_E_00191_SE_01	12007	4868	0,41	
FOLK_E_00193_SE_01	10695	3758	0,35	
FOLK_E_00194_SE_01	3119	1212	0,39	
FOLK_E_00197_SE_01	3366	1247	0,37	
FOLK_E_00198_SE_01	2190	855	0,39	
FOLK_E_00201_SE_01	17304	6775	0,39	
FOLK_E_00202_SE_01	15911	6136	0,39	
FOLK_E_00203_SE_01	10243	4189	0,41	
FOLK_E_00204_SE_01	14509	5508	0,38	
FOLK_E_00206_SE_01	13939	5740	0,41	
FOLK_E_00207_SE_01	4370	1783	0,41	
FOLK_E_00208_SE_01	6096	2460	0,40	
FOLK_E_00209_SE_01	3217	1283	0,40	
FOLK_E_00210_SE_01	16343	7489	0,46	
FOLK_E_00211_SE_01	710	275	0,39	
FOLK_E_00212_SE_01	176	71	0,40	
FOLK_E_00213_SE_01	3159	1227	0,39	
FOLK_E_00214_SE_01	426	149	0,35	
FOLK_E_00215_SE_01	785	317	0,40	
FOLK_E_00216_SE_01	705	279	0,40	
FOLK_E_00217_SE_01	22946	9344	0,41	
FOLK_E_00218_SE_01	5322	2209	0,42	
FOLK_E_00219_SE_01	3918	1587	0,41	
FOLK_E_00220_SE_01	16615	6534	0,39	
FOLK_E_00221_SE_01	3423	1258	0,37	
FOLK_E_00223_SE_01	167	72	0,43	
FOLK_E_00224_SE_01	1170	449	0,38	
FOLK_E_00225_SE_01	8922	3479	0,39	
FOLK_E_00226_SE_01	6161	2548	0,41	
FOLK_E_00227_SE_01	6633	2539	0,38	
FOLK_E_00228_SE_01	10398	4223	0,41	
FOLK_E_00229_SE_01	138	54	0,39	
FOLK_E_00230_SE_01	142	53	0,37	
FOLK_E_00231_SE_01	336	126	0,38	
FOLK_E_00235_SE_01	342	138	0,40	
FOLK_E_00237_SE_01	180	81	0,45	
FOLK_E_00238_SE_01	230	94	0,41	
FOLK_E_00239_SE_01	114	48	0,42	
FOLK_E_00243_SE_01	1974	789	0,40	
FOLK_E_00246_SE_01	1289	485	0,38	
FOLK_E_00248_SE_01	8532	3526	0,41	
FOLK_E_00250_SE_01	9157	3794	0,41	
FOLK_E_00251_SE_01	4410	1758	0,40	
FOLK_E_00252_SE_01	5339	2094	0,39	
FOLK_E_00253_SE_01	7309	2672	0,37	
FOLK_E_00254_SE_01	18779	7332	0,39	
FOLK_E_00255_SE_01	16666	6398	0,38	
FOLK_E_00256_SE_01	12284	4742	0,39	
FOLK_E_00257_SE_01	8827	3283	0,37	
FOLK_E_00258_SE_01	9242	3882	0,42	
FOLK_E_00259_SE_01	1927	676	0,35	
FOLK_E_00260_SE_01	7917	3049	0,39	
FOLK_E_00261_SE_01	7887	3016	0,38	
FOLK_E_00262_SE_01	2343	1029	0,44	
FOLK_E_00263_SE_01	5002	2256	0,45	
FOLK_E_00264_SE_01	858	318	0,37	
FOLK_E_00265_SE_01	11820	4454	0,38	
FOLK_E_00266_SE_01	23340	9298	0,40	
FOLK_E_00267_SE_01	33763	13265	0,39	
FOLK_E_00268_SE_01	6697	2740	0,41	
FOLK_E_00269_SE_01	4719	1798	0,38	
FOLK_E_00270_SE_01	2264	905	0,40	
FOLK_E_00271_SE_01	9239	3826	0,41	
FOLK_E_00272_SE_01	3845	1578	0,41	
FOLK_E_00273_SE_01	31680	12461	0,39	
FOLK_E_00274_SE_01	10830	4150	0,38	
FOLK_E_00285_SE_01	16033	5999	0,37	
FOLK_E_00286_SE_01	3714	1463	0,39	
FOLK_E_00287_SE_01	20944	8025	0,38	
FOLK_E_00288_SE_01	15719	6699	0,43	
FOLK_E_00289_SE_01	1807	669	0,37	
FOLK_E_00290_SE_01	17523	6954	0,40	
FOLK_E_00291_SE_01	10695	4047	0,38	
FOLK_E_00292_SE_01	3180	1124	0,35	
FOLK_E_00293_SE_01	22744	9114	0,40	
FOLK_E_00294_SE_01	9629	3821	0,40	
FOLK_E_00295_SE_01	6642	2735	0,41	
FOLK_E_00296_SE_01	9812	3927	0,40	
FOLK_E_00298_SE_01	363	153	0,42	
FOLK_E_00299_SE_01	1734	698	0,40	
FOLK_E_00300_SE_01	7758	2945	0,38	
FOLK_E_00301_SE_01	9381	3905	0,42	
FOLK_E_00302_SE_01	1072	385	0,36	
FOLK_E_00303_SE_01	10244	3579	0,35	
FOLK_E_00304_SE_01	497	183	0,37	
FOLK_E_00305_SE_01	236	104	0,44	
FOLK_E_00308_SE_01	11086	4164	0,38	
FOLK_E_00309_SE_01	5526	2025	0,37	
FOLK_E_00313_SE_01	10221	4436	0,43	
FOLK_E_00318_SE_01	3319	1343	0,40	
FOLK_E_00319_SE_01	10382	4288	0,41	
FOLK_E_00321_SE_01	13061	5148	0,39	
FOLK_E_00322_SE_01	9915	3623	0,37	
FOLK_E_00323_SE_01	795	304	0,38	
FOLK_E_00324_SE_01	750	302	0,40	
FOLK_E_00325_SE_01	31048	11780	0,38	
FOLK_E_00327_SE_01	6383	2501	0,39	
FOLK_E_00329_SE_01	23624	9411	0,40	
FOLK_E_00330_SE_01	24184	9559	0,40	
FOLK_E_00331_SE_01	11531	4693	0,41	
FOLK_E_00332_SE_01	1781	677	0,38	
FOLK_E_00333_SE_01	5185	2108	0,41	
FOLK_E_00334_SE_01	2261	910	0,40	
FOLK_E_00335_SE_01	10343	3984	0,39	
FOLK_E_00337_SE_01	9645	4268	0,44	
FOLK_E_00338_SE_01	9619	4466	0,46	
FOLK_E_00339_SE_01	17846	6693	0,38	
FOLK_E_00340_SE_01	21379	7971	0,37	
FOLK_E_00342_SE_01	10419	4236	0,41	
FOLK_E_00343_SE_01	5061	2118	0,42	
FOLK_E_00344_SE_01	8594	3589	0,42	
FOLK_E_00345_SE_01	627	297	0,47	
FOLK_E_00346_SE_01	23920	9185	0,38	
FOLK_E_00347_SE_01	10448	4058	0,39	
FOLK_E_00348_SE_01	14570	5464	0,38	
FOLK_E_00349_SE_01	11673	5050	0,43	
FOLK_E_00350_SE_01	12629	5135	0,41	
FOLK_E_00351_SE_01	12245	5029	0,41	
FOLK_E_00352_SE_01	5878	2307	0,39	
FOLK_E_00353_SE_01	7519	2772	0,37	
FOLK_E_00354_SE_01	6444	2722	0,42	
FOLK_E_00355_SE_01	8187	3371	0,41	
FOLK_E_00356_SE_01	5444	2253	0,41	
FOLK_E_00357_SE_01	10665	3845	0,36	
FOLK_E_00359_SE_01	3852	1577	0,41	
FOLK_E_00360_SE_01	2991	1218	0,41	
FOLK_E_00361_SE_01	12148	5378	0,44	
FOLK_E_00362_SE_01	679	264	0,39	
FOLK_E_00363_SE_01	1105	414	0,37	
FOLK_E_00364_SE_01	1319	453	0,34	
FOLK_E_00365_SE_01	2851	998	0,35	
FOLK_E_00366_SE_01	153	60	0,39	
FOLK_E_00367_SE_01	59	19	0,32	
FOLK_E_00368_SE_01	314	149	0,47	
FOLK_E_00370_SE_01	19093	6708	0,35	
FOLK_E_00371_SE_01	1918	727	0,38	
