Speech Event	lemmas	tokens	GOETHE_A1 lemmas	GOETHE_A1 tokens	GOETHE_A1 lemmas ratio	GOETHE_A1 tokens ratio	GOETHE_A2 lemmas	GOETHE_A2 tokens	GOETHE_A2 lemmas ratio	GOETHE_A2 tokens ratio	GOETHE_B1 lemmas	GOETHE_B1 tokens	GOETHE_B1 lemmas ratio	GOETHE_B1 tokens ratio	HERDER_1000 lemmas	HERDER_1000 tokens	HERDER_1000 lemmas ratio	HERDER_1000 tokens ratio	HERDER_2000 lemmas	HERDER_2000 tokens	HERDER_2000 lemmas ratio	HERDER_2000 tokens ratio	HERDER_3000 lemmas	HERDER_3000 tokens	HERDER_3000 lemmas ratio	HERDER_3000 tokens ratio	HERDER_4000 lemmas	HERDER_4000 tokens	HERDER_4000 lemmas ratio	HERDER_4000 tokens ratio	HERDER_5000 lemmas	HERDER_5000 tokens	HERDER_5000 lemmas ratio	HERDER_5000 tokens ratio	
GWSS_E_00001_SE_01	607	3699	189	2624	0,31	0,71	260	2960	0,43	0,80	364	3255	0,60	0,88	308	3051	0,51	0,82	355	3134	0,58	0,85	389	3202	0,64	0,87	404	3225	0,67	0,87	418	3255	0,69	0,88
GWSS_E_00002_SE_01	946	5091	223	3524	0,24	0,69	322	3862	0,34	0,76	483	4326	0,51	0,85	389	3962	0,41	0,78	472	4102	0,50	0,81	517	4173	0,55	0,82	554	4230	0,59	0,83	580	4283	0,61	0,84
GWSS_E_00003_SE_01	866	3902	177	2585	0,20	0,66	252	2845	0,29	0,73	397	3150	0,46	0,81	328	2947	0,38	0,76	404	3100	0,47	0,79	449	3161	0,52	0,81	482	3204	0,56	0,82	506	3240	0,58	0,83
GWSS_E_00004_SE_01	339	1756	137	1317	0,40	0,75	178	1433	0,53	0,82	234	1556	0,69	0,89	192	1425	0,57	0,81	214	1472	0,63	0,84	230	1491	0,68	0,85	238	1504	0,70	0,86	244	1526	0,72	0,87
GWSS_E_00005_SE_01	440	2211	155	1660	0,35	0,75	204	1785	0,46	0,81	276	1916	0,63	0,87	230	1776	0,52	0,80	262	1830	0,60	0,83	271	1847	0,62	0,84	284	1876	0,65	0,85	290	1896	0,66	0,86
GWSS_E_00006_SE_01	989	7143	240	5210	0,24	0,73	324	5694	0,33	0,80	499	6200	0,50	0,87	394	5784	0,40	0,81	499	6018	0,50	0,84	551	6100	0,56	0,85	584	6155	0,59	0,86	608	6191	0,61	0,87
GWSS_E_00007_SE_01	1269	7935	266	5656	0,21	0,71	388	6168	0,31	0,78	607	6757	0,48	0,85	442	6264	0,35	0,79	583	6551	0,46	0,83	665	6696	0,52	0,84	717	6826	0,57	0,86	747	6870	0,59	0,87
GWSS_E_00008_SE_01	783	4168	191	2898	0,24	0,70	269	3137	0,34	0,75	408	3444	0,52	0,83	339	3204	0,43	0,77	426	3392	0,54	0,81	468	3512	0,60	0,84	498	3557	0,64	0,85	520	3591	0,66	0,86
GWSS_E_00009_SE_01	722	3567	195	2418	0,27	0,68	271	2706	0,38	0,76	401	2994	0,56	0,84	342	2835	0,47	0,79	423	2950	0,59	0,83	467	3036	0,65	0,85	490	3077	0,68	0,86	508	3112	0,70	0,87
GWSS_E_00010_SE_01	799	4564	208	3283	0,26	0,72	278	3527	0,35	0,77	423	3872	0,53	0,85	350	3637	0,44	0,80	439	3815	0,55	0,84	494	3910	0,62	0,86	516	3943	0,65	0,86	536	3973	0,67	0,87
GWSS_E_00011_SE_01	723	3089	184	2029	0,25	0,66	246	2228	0,34	0,72	378	2526	0,52	0,82	309	2364	0,43	0,77	391	2502	0,54	0,81	430	2581	0,59	0,84	462	2624	0,64	0,85	485	2654	0,67	0,86
GWSS_E_00012_SE_01	653	2992	191	2020	0,29	0,68	262	2251	0,40	0,75	386	2554	0,59	0,85	322	2337	0,49	0,78	385	2465	0,59	0,82	420	2526	0,64	0,84	443	2573	0,68	0,86	459	2597	0,70	0,87
GWSS_E_00013_SE_01	756	4251	204	2943	0,27	0,69	276	3193	0,37	0,75	408	3599	0,54	0,85	343	3408	0,45	0,80	421	3590	0,56	0,84	471	3675	0,62	0,86	503	3735	0,67	0,88	519	3765	0,69	0,89
GWSS_E_00014_SE_01	832	4046	214	2813	0,26	0,70	302	3082	0,36	0,76	467	3446	0,56	0,85	376	3149	0,45	0,78	457	3307	0,55	0,82	503	3399	0,60	0,84	533	3436	0,64	0,85	556	3464	0,67	0,86
GWSS_E_00015_SE_01	1292	8836	298	6533	0,23	0,74	431	7233	0,33	0,82	650	7795	0,50	0,88	486	7196	0,38	0,81	611	7468	0,47	0,85	705	7601	0,55	0,86	754	7722	0,58	0,87	796	7775	0,62	0,88
GWSS_E_00016_SE_01	1231	7129	281	5270	0,23	0,74	398	5633	0,32	0,79	608	6106	0,49	0,86	461	5649	0,37	0,79	606	5910	0,49	0,83	689	6047	0,56	0,85	741	6121	0,60	0,86	779	6188	0,63	0,87
GWSS_E_00017_SE_01	895	4745	216	3202	0,24	0,67	304	3510	0,34	0,74	471	3937	0,53	0,83	377	3606	0,42	0,76	483	3891	0,54	0,82	530	3987	0,59	0,84	560	4062	0,63	0,86	587	4098	0,66	0,86
GWSS_E_00018_SE_01	782	4387	214	3166	0,27	0,72	292	3450	0,37	0,79	448	3783	0,57	0,86	343	3486	0,44	0,79	433	3663	0,55	0,83	475	3725	0,61	0,85	506	3775	0,65	0,86	522	3796	0,67	0,87
GWSS_E_00019_SE_01	986	3923	241	2619	0,24	0,67	341	2914	0,35	0,74	496	3222	0,50	0,82	395	2901	0,40	0,74	496	3046	0,50	0,78	551	3144	0,56	0,80	591	3194	0,60	0,81	613	3227	0,62	0,82
GWSS_E_00020_SE_01	1123	5313	245	3520	0,22	0,66	359	3923	0,32	0,74	562	4352	0,50	0,82	407	3895	0,36	0,73	527	4154	0,47	0,78	601	4301	0,54	0,81	651	4382	0,58	0,82	681	4425	0,61	0,83
GWSS_E_00021_SE_01	1238	5454	252	3353	0,20	0,61	350	3649	0,28	0,67	583	4218	0,47	0,77	421	3737	0,34	0,69	585	4075	0,47	0,75	663	4239	0,54	0,78	710	4330	0,57	0,79	740	4372	0,60	0,80
GWSS_E_00022_SE_01	963	6041	250	4275	0,26	0,71	353	4680	0,37	0,77	544	5151	0,56	0,85	406	4703	0,42	0,78	514	4943	0,53	0,82	567	5024	0,59	0,83	608	5123	0,63	0,85	631	5156	0,66	0,85
GWSS_E_00023_SE_01	1132	6560	254	4321	0,22	0,66	356	4674	0,31	0,71	554	5281	0,49	0,81	414	4723	0,37	0,72	535	4986	0,47	0,76	603	5107	0,53	0,78	653	5184	0,58	0,79	685	5298	0,61	0,81
GWSS_E_00024_SE_01	1145	6541	238	4610	0,21	0,70	330	5080	0,29	0,78	531	5570	0,46	0,85	395	5089	0,34	0,78	514	5269	0,45	0,81	572	5343	0,50	0,82	617	5412	0,54	0,83	639	5438	0,56	0,83
GWSS_E_00025_SE_01	1192	6141	270	4271	0,23	0,70	377	4672	0,32	0,76	600	5140	0,50	0,84	436	4627	0,37	0,75	566	4867	0,47	0,79	630	4959	0,53	0,81	688	5046	0,58	0,82	714	5085	0,60	0,83
GWSS_E_00026_SE_01	1196	5596	235	3713	0,20	0,66	329	4067	0,28	0,73	508	4457	0,42	0,80	400	4047	0,33	0,72	517	4289	0,43	0,77	576	4405	0,48	0,79	624	4474	0,52	0,80	653	4553	0,55	0,81
GWSS_E_00027_SE_01	1354	5135	248	3240	0,18	0,63	383	3564	0,28	0,69	621	4041	0,46	0,79	437	3529	0,32	0,69	587	3794	0,43	0,74	669	3924	0,49	0,76	717	3986	0,53	0,78	764	4072	0,56	0,79
GWSS_E_00028_SE_01	1044	5581	222	3577	0,21	0,64	326	3947	0,31	0,71	527	4447	0,50	0,80	418	4108	0,40	0,74	539	4407	0,52	0,79	610	4542	0,58	0,81	645	4595	0,62	0,82	673	4668	0,64	0,84
GWSS_E_00029_SE_01	920	6442	238	4536	0,26	0,70	333	4953	0,36	0,77	491	5448	0,53	0,85	381	5020	0,41	0,78	473	5249	0,51	0,81	527	5359	0,57	0,83	561	5431	0,61	0,84	591	5484	0,64	0,85
GWSS_E_00030_SE_01	1091	5745	227	3710	0,21	0,65	330	4040	0,30	0,70	532	4728	0,49	0,82	407	4191	0,37	0,73	545	4440	0,50	0,77	611	4608	0,56	0,80	649	4708	0,59	0,82	672	4748	0,62	0,83
GWSS_E_00031_SE_01	1272	6280	261	4140	0,21	0,66	366	4488	0,29	0,71	606	5038	0,48	0,80	443	4539	0,35	0,72	593	4914	0,47	0,78	663	5022	0,52	0,80	725	5127	0,57	0,82	753	5176	0,59	0,82
GWSS_E_00032_SE_01	947	5053	222	3425	0,23	0,68	315	3732	0,33	0,74	483	4144	0,51	0,82	381	3838	0,40	0,76	481	4007	0,51	0,79	528	4105	0,56	0,81	552	4148	0,58	0,82	575	4197	0,61	0,83
GWSS_E_00033_SE_01	1118	5601	259	3846	0,23	0,69	365	4266	0,33	0,76	577	4727	0,52	0,84	434	4194	0,39	0,75	574	4452	0,51	0,79	633	4557	0,57	0,81	666	4606	0,60	0,82	696	4754	0,62	0,85
GWSS_E_00034_SE_01	933	5733	226	3914	0,24	0,68	321	4367	0,34	0,76	519	4921	0,56	0,86	407	4476	0,44	0,78	520	4712	0,56	0,82	562	4788	0,60	0,84	591	4830	0,63	0,84	614	4874	0,66	0,85
GWSS_E_00035_SE_01	614	2792	179	1907	0,29	0,68	248	2065	0,40	0,74	373	2317	0,61	0,83	294	2117	0,48	0,76	355	2233	0,58	0,80	384	2278	0,63	0,82	400	2303	0,65	0,82	415	2326	0,68	0,83
GWSS_E_00036_SE_01	751	2779	198	1767	0,26	0,64	284	1967	0,38	0,71	414	2239	0,55	0,81	316	2055	0,42	0,74	386	2173	0,51	0,78	433	2235	0,58	0,80	456	2270	0,61	0,82	477	2299	0,64	0,83
GWSS_E_00040_SE_01	692	3247	215	2338	0,31	0,72	283	2526	0,41	0,78	428	2839	0,62	0,87	306	2506	0,44	0,77	378	2628	0,55	0,81	415	2692	0,60	0,83	446	2737	0,64	0,84	465	2760	0,67	0,85
GWSS_E_00041_SE_01	793	4096	224	2915	0,28	0,71	307	3155	0,39	0,77	476	3555	0,60	0,87	366	3211	0,46	0,78	462	3373	0,58	0,82	509	3453	0,64	0,84	548	3505	0,69	0,86	567	3538	0,72	0,86
GWSS_E_00042_SE_01	639	2625	196	1785	0,31	0,68	263	1945	0,41	0,74	382	2200	0,60	0,84	300	1993	0,47	0,76	361	2110	0,56	0,80	396	2163	0,62	0,82	424	2206	0,66	0,84	441	2227	0,69	0,85
GWSS_E_00047_SE_01	473	2496	196	1910	0,41	0,77	246	2100	0,52	0,84	346	2306	0,73	0,92	271	2090	0,57	0,84	313	2173	0,66	0,87	328	2199	0,69	0,88	344	2217	0,73	0,89	352	2227	0,74	0,89
GWSS_E_00050_SE_01	382	1607	138	1072	0,36	0,67	177	1176	0,46	0,73	254	1309	0,66	0,81	196	1123	0,51	0,70	231	1170	0,60	0,73	248	1203	0,65	0,75	263	1226	0,69	0,76	272	1252	0,71	0,78
GWSS_E_00051_SE_01	809	4993	223	3587	0,28	0,72	328	3960	0,41	0,79	494	4365	0,61	0,87	368	3979	0,45	0,80	472	4185	0,58	0,84	526	4292	0,65	0,86	555	4337	0,69	0,87	566	4365	0,70	0,87
GWSS_E_00052_SE_01	719	3529	212	2525	0,29	0,72	291	2769	0,40	0,78	420	3016	0,58	0,85	328	2734	0,46	0,77	415	2884	0,58	0,82	438	2930	0,61	0,83	460	2957	0,64	0,84	475	2984	0,66	0,85
GWSS_E_00053_SE_01	510	2511	171	1751	0,34	0,70	242	1963	0,47	0,78	349	2204	0,68	0,88	273	2031	0,54	0,81	318	2094	0,62	0,83	348	2146	0,68	0,85	365	2174	0,72	0,87	370	2185	0,73	0,87
GWSS_E_00054_SE_01	1396	10272	271	7129	0,19	0,69	392	7822	0,28	0,76	650	8688	0,47	0,85	477	7962	0,34	0,78	615	8259	0,44	0,80	686	8434	0,49	0,82	748	8535	0,54	0,83	793	8635	0,57	0,84
GWSS_E_00055_SE_01	729	3302	202	2260	0,28	0,68	280	2419	0,38	0,73	405	2632	0,56	0,80	318	2376	0,44	0,72	395	2505	0,54	0,76	440	2601	0,60	0,79	458	2646	0,63	0,80	471	2671	0,65	0,81
GWSS_E_00056_SE_01	901	5257	267	3846	0,30	0,73	375	4284	0,42	0,81	550	4684	0,61	0,89	402	4220	0,45	0,80	517	4438	0,57	0,84	577	4525	0,64	0,86	607	4571	0,67	0,87	634	4609	0,70	0,88
GWSS_E_00057_SE_01	690	3261	201	2284	0,29	0,70	274	2484	0,40	0,76	402	2783	0,58	0,85	330	2507	0,48	0,77	413	2683	0,60	0,82	443	2725	0,64	0,84	471	2765	0,68	0,85	490	2808	0,71	0,86
GWSS_E_00058_SE_01	1019	6359	276	4696	0,27	0,74	386	5150	0,38	0,81	616	5657	0,60	0,89	448	5105	0,44	0,80	590	5407	0,58	0,85	656	5547	0,64	0,87	699	5602	0,69	0,88	722	5662	0,71	0,89
GWSS_E_00059_SE_01	841	4237	246	3119	0,29	0,74	360	3451	0,43	0,81	531	3757	0,63	0,89	394	3384	0,47	0,80	508	3553	0,60	0,84	547	3606	0,65	0,85	583	3650	0,69	0,86	604	3681	0,72	0,87
GWSS_E_00060_SE_01	961	6207	235	4268	0,24	0,69	328	4675	0,34	0,75	528	5261	0,55	0,85	398	4879	0,41	0,79	515	5182	0,54	0,83	565	5267	0,59	0,85	604	5334	0,63	0,86	628	5382	0,65	0,87
GWSS_E_00061_SE_01	910	5497	251	4036	0,28	0,73	367	4380	0,40	0,80	548	4792	0,60	0,87	406	4264	0,45	0,78	521	4547	0,57	0,83	575	4627	0,63	0,84	613	4703	0,67	0,86	629	4730	0,69	0,86
GWSS_E_00062_SE_01	615	2794	217	2041	0,35	0,73	280	2202	0,46	0,79	394	2404	0,64	0,86	313	2217	0,51	0,79	383	2319	0,62	0,83	409	2353	0,67	0,84	424	2372	0,69	0,85	436	2393	0,71	0,86
GWSS_E_00063_SE_01	640	3194	214	2299	0,33	0,72	294	2555	0,46	0,80	420	2831	0,66	0,89	327	2580	0,51	0,81	410	2731	0,64	0,86	436	2772	0,68	0,87	455	2798	0,71	0,88	473	2824	0,74	0,88
GWSS_E_00064_SE_01	686	3586	213	2504	0,31	0,70	277	2707	0,40	0,75	417	2990	0,61	0,83	324	2710	0,47	0,76	409	2911	0,60	0,81	447	3012	0,65	0,84	472	3044	0,69	0,85	481	3070	0,70	0,86
GWSS_E_00065_SE_01	565	3502	175	2654	0,31	0,76	233	2876	0,41	0,82	333	3134	0,59	0,89	274	2901	0,48	0,83	324	2992	0,57	0,85	350	3030	0,62	0,87	376	3071	0,67	0,88	385	3083	0,68	0,88
GWSS_E_00066_SE_01	464	2981	177	2266	0,38	0,76	235	2448	0,51	0,82	310	2617	0,67	0,88	248	2429	0,53	0,81	285	2501	0,61	0,84	309	2599	0,67	0,87	320	2648	0,69	0,89	328	2663	0,71	0,89
GWSS_E_00067_SE_01	478	2323	165	1719	0,35	0,74	217	1855	0,45	0,80	297	1986	0,62	0,85	236	1790	0,49	0,77	286	1894	0,60	0,82	311	1951	0,65	0,84	325	1973	0,68	0,85	332	1985	0,69	0,85
GWSS_E_00069_SE_01	347	1540	141	1090	0,41	0,71	181	1206	0,52	0,78	230	1313	0,66	0,85	186	1173	0,54	0,76	208	1218	0,60	0,79	219	1240	0,63	0,81	229	1264	0,66	0,82	236	1281	0,68	0,83
GWSS_E_00070_SE_01	373	2025	151	1472	0,40	0,73	191	1626	0,51	0,80	246	1767	0,66	0,87	200	1583	0,54	0,78	229	1670	0,61	0,82	239	1688	0,64	0,83	248	1701	0,66	0,84	252	1723	0,68	0,85
GWSS_E_00071_SE_01	401	2304	161	1753	0,40	0,76	215	1882	0,54	0,82	271	2031	0,68	0,88	219	1823	0,55	0,79	247	1863	0,62	0,81	257	1878	0,64	0,82	267	1892	0,67	0,82	268	1921	0,67	0,83
GWSS_E_00072_SE_01	305	1423	132	1077	0,43	0,76	174	1166	0,57	0,82	223	1278	0,73	0,90	182	1150	0,60	0,81	207	1204	0,68	0,85	217	1224	0,71	0,86	229	1244	0,75	0,87	234	1260	0,77	0,89
GWSS_E_00073_SE_01	393	1981	139	1420	0,35	0,72	183	1544	0,47	0,78	243	1712	0,62	0,86	204	1543	0,52	0,78	238	1593	0,61	0,80	249	1618	0,63	0,82	258	1629	0,66	0,82	269	1675	0,68	0,85
GWSS_E_00074_SE_01	398	2149	170	1637	0,43	0,76	214	1740	0,54	0,81	262	1867	0,66	0,87	228	1713	0,57	0,80	251	1766	0,63	0,82	260	1779	0,65	0,83	271	1792	0,68	0,83	277	1817	0,70	0,85
GWSS_E_00075_SE_01	663	3739	200	2715	0,30	0,73	278	2926	0,42	0,78	412	3267	0,62	0,87	327	3003	0,49	0,80	411	3196	0,62	0,85	450	3282	0,68	0,88	470	3307	0,71	0,88	487	3334	0,73	0,89
GWSS_E_00076_SE_01	1167	7825	270	5616	0,23	0,72	399	6152	0,34	0,79	617	6742	0,53	0,86	461	6158	0,40	0,79	596	6430	0,51	0,82	668	6565	0,57	0,84	727	6670	0,62	0,85	767	6774	0,66	0,87
GWSS_E_00077_SE_01	612	3294	204	2334	0,33	0,71	268	2582	0,44	0,78	387	2836	0,63	0,86	310	2665	0,51	0,81	380	2839	0,62	0,86	411	2875	0,67	0,87	436	2918	0,71	0,89	451	2936	0,74	0,89
GWSS_E_00078_SE_01	512	3260	199	2502	0,39	0,77	267	2756	0,52	0,85	352	2970	0,69	0,91	279	2730	0,54	0,84	335	2843	0,65	0,87	365	2898	0,71	0,89	378	2915	0,74	0,89	385	2934	0,75	0,90
GWSS_E_00079_SE_01	625	2885	187	1984	0,30	0,69	248	2195	0,40	0,76	363	2460	0,58	0,85	301	2233	0,48	0,77	357	2323	0,57	0,81	395	2397	0,63	0,83	416	2440	0,67	0,85	428	2467	0,68	0,86
GWSS_E_00080_SE_01	1109	7005	241	4967	0,22	0,71	359	5401	0,32	0,77	565	5946	0,51	0,85	424	5530	0,38	0,79	545	5777	0,49	0,82	617	5903	0,56	0,84	651	5962	0,59	0,85	676	6007	0,61	0,86
GWSS_E_00081_SE_01	823	6790	248	5068	0,30	0,75	354	5640	0,43	0,83	512	6141	0,62	0,90	390	5580	0,47	0,82	500	5858	0,61	0,86	546	6012	0,66	0,89	574	6059	0,70	0,89	590	6110	0,72	0,90
GWSS_E_00082_SE_01	521	4569	199	3572	0,38	0,78	253	3813	0,49	0,83	336	4143	0,64	0,91	285	3833	0,55	0,84	327	3943	0,63	0,86	343	3973	0,66	0,87	357	4013	0,69	0,88	364	4054	0,70	0,89
GWSS_E_00083_SE_01	394	2300	162	1736	0,41	0,75	214	1879	0,54	0,82	267	2047	0,68	0,89	225	1874	0,57	0,81	260	1951	0,66	0,85	272	1976	0,69	0,86	280	1988	0,71	0,86	288	2001	0,73	0,87
GWSS_E_00084_SE_01	724	4042	209	2941	0,29	0,73	268	3139	0,37	0,78	386	3425	0,53	0,85	309	3026	0,43	0,75	387	3186	0,53	0,79	421	3242	0,58	0,80	437	3262	0,60	0,81	457	3313	0,63	0,82
GWSS_E_00085_SE_01	160	455	79	305	0,49	0,67	96	332	0,60	0,73	119	371	0,74	0,82	103	332	0,64	0,73	116	367	0,73	0,81	117	368	0,73	0,81	119	370	0,74	0,81	121	379	0,76	0,83
GWSS_E_00086_SE_01	121	272	57	178	0,47	0,65	70	201	0,58	0,74	92	237	0,76	0,87	77	214	0,64	0,79	96	238	0,79	0,88	99	242	0,82	0,89	100	243	0,83	0,89	100	243	0,83	0,89
GWSS_E_00087_SE_01	202	603	97	422	0,48	0,70	114	450	0,56	0,75	144	502	0,71	0,83	119	444	0,59	0,74	136	480	0,67	0,80	142	491	0,70	0,81	146	497	0,72	0,82	149	507	0,74	0,84
GWSS_E_00088_SE_01	144	493	72	354	0,50	0,72	82	374	0,57	0,76	99	408	0,69	0,83	82	375	0,57	0,76	101	410	0,70	0,83	104	416	0,72	0,84	108	424	0,75	0,86	110	426	0,76	0,86
GWSS_E_00089_SE_01	212	693	90	477	0,42	0,69	109	503	0,51	0,73	153	599	0,72	0,86	127	519	0,60	0,75	143	547	0,67	0,79	153	560	0,72	0,81	156	569	0,74	0,82	161	576	0,76	0,83
GWSS_E_00090_SE_01	219	821	101	579	0,46	0,71	121	632	0,55	0,77	149	714	0,68	0,87	131	632	0,60	0,77	147	673	0,67	0,82	154	681	0,70	0,83	163	699	0,74	0,85	165	702	0,75	0,86
GWSS_E_00091_SE_01	204	594	100	415	0,49	0,70	124	464	0,61	0,78	156	507	0,76	0,85	130	456	0,64	0,77	153	491	0,75	0,83	158	499	0,77	0,84	163	509	0,80	0,86	164	511	0,80	0,86
GWSS_E_00092_SE_01	154	341	78	228	0,51	0,67	89	245	0,58	0,72	113	273	0,73	0,80	99	249	0,64	0,73	108	263	0,70	0,77	112	267	0,73	0,78	118	282	0,77	0,83	121	286	0,79	0,84
GWSS_E_00093_SE_01	169	460	87	330	0,51	0,72	97	345	0,57	0,75	113	373	0,67	0,81	97	328	0,57	0,71	103	336	0,61	0,73	109	346	0,64	0,75	115	355	0,68	0,77	117	357	0,69	0,78
GWSS_E_00094_SE_01	189	553	89	377	0,47	0,68	101	397	0,53	0,72	135	457	0,71	0,83	112	389	0,59	0,70	121	400	0,64	0,72	128	410	0,68	0,74	133	422	0,70	0,76	137	432	0,72	0,78
GWSS_E_00095_SE_01	194	694	100	508	0,52	0,73	125	579	0,64	0,83	149	611	0,77	0,88	125	552	0,64	0,80	135	563	0,70	0,81	140	573	0,72	0,83	146	589	0,75	0,85	148	591	0,76	0,85
GWSS_E_00096_SE_01	148	356	72	248	0,49	0,70	87	271	0,59	0,76	104	293	0,70	0,82	91	273	0,61	0,77	102	288	0,69	0,81	104	290	0,70	0,81	106	292	0,72	0,82	106	292	0,72	0,82
GWSS_E_00097_SE_01	213	597	99	427	0,46	0,72	115	454	0,54	0,76	148	507	0,69	0,85	120	445	0,56	0,75	134	462	0,63	0,77	142	471	0,67	0,79	147	478	0,69	0,80	152	487	0,71	0,82
GWSS_E_00098_SE_01	211	709	99	505	0,47	0,71	117	547	0,55	0,77	144	597	0,68	0,84	123	540	0,58	0,76	131	550	0,62	0,78	136	558	0,64	0,79	138	560	0,65	0,79	145	571	0,69	0,81
GWSS_E_00099_SE_01	161	448	91	332	0,57	0,74	105	362	0,65	0,81	128	392	0,80	0,88	107	346	0,66	0,77	116	355	0,72	0,79	124	364	0,77	0,81	129	378	0,80	0,84	134	387	0,83	0,86
GWSS_E_00100_SE_01	140	509	73	358	0,52	0,70	85	382	0,61	0,75	109	460	0,78	0,90	93	374	0,66	0,73	102	421	0,73	0,83	104	434	0,74	0,85	109	450	0,78	0,88	113	454	0,81	0,89
GWSS_E_00101_SE_01	231	824	105	553	0,45	0,67	123	588	0,53	0,71	152	661	0,66	0,80	125	599	0,54	0,73	146	643	0,63	0,78	156	661	0,68	0,80	163	671	0,71	0,81	165	673	0,71	0,82
GWSS_E_00102_SE_01	225	686	105	500	0,47	0,73	122	534	0,54	0,78	145	581	0,64	0,85	128	528	0,57	0,77	153	569	0,68	0,83	158	574	0,70	0,84	167	589	0,74	0,86	174	605	0,77	0,88
GWSS_E_00103_SE_01	178	489	83	328	0,47	0,67	94	366	0,53	0,75	119	399	0,67	0,82	99	358	0,56	0,73	116	392	0,65	0,80	123	399	0,69	0,82	125	404	0,70	0,83	128	408	0,72	0,83
GWSS_E_00104_SE_01	164	466	86	350	0,52	0,75	95	362	0,58	0,78	118	404	0,72	0,87	108	377	0,66	0,81	118	388	0,72	0,83	122	393	0,74	0,84	125	397	0,76	0,85	127	399	0,77	0,86
GWSS_E_00105_SE_01	129	315	60	205	0,47	0,65	74	224	0,57	0,71	86	247	0,67	0,78	82	244	0,64	0,77	86	248	0,67	0,79	90	253	0,70	0,80	92	256	0,71	0,81	95	260	0,74	0,83
GWSS_E_00106_SE_01	214	672	103	479	0,48	0,71	127	514	0,59	0,76	144	552	0,67	0,82	127	498	0,59	0,74	139	515	0,65	0,77	148	530	0,69	0,79	156	553	0,73	0,82	159	561	0,74	0,83
GWSS_E_00107_SE_01	228	903	111	705	0,49	0,78	140	757	0,61	0,84	167	810	0,73	0,90	140	739	0,61	0,82	155	759	0,68	0,84	163	787	0,71	0,87	169	798	0,74	0,88	176	806	0,77	0,89
GWSS_E_00108_SE_01	132	356	72	241	0,55	0,68	85	264	0,64	0,74	104	313	0,79	0,88	88	260	0,67	0,73	91	265	0,69	0,74	95	276	0,72	0,78	98	286	0,74	0,80	102	290	0,77	0,81
GWSS_E_00109_SE_01	165	416	80	269	0,48	0,65	97	291	0,59	0,70	114	334	0,69	0,80	105	306	0,64	0,74	115	326	0,70	0,78	119	335	0,72	0,81	126	343	0,76	0,82	128	345	0,78	0,83
GWSS_E_00110_SE_01	152	471	83	368	0,55	0,78	95	385	0,63	0,82	113	413	0,74	0,88	101	383	0,66	0,81	109	397	0,72	0,84	114	402	0,75	0,85	116	405	0,76	0,86	119	408	0,78	0,87
GWSS_E_00111_SE_01	154	446	71	294	0,46	0,66	82	313	0,53	0,70	103	353	0,67	0,79	90	309	0,58	0,69	104	335	0,68	0,75	111	343	0,72	0,77	114	360	0,74	0,81	116	366	0,75	0,82
GWSS_E_00112_SE_01	102	292	56	209	0,55	0,72	66	224	0,65	0,77	80	258	0,78	0,88	68	235	0,67	0,80	75	250	0,74	0,86	82	263	0,80	0,90	86	268	0,84	0,92	86	268	0,84	0,92
GWSS_E_00113_SE_01	167	542	86	395	0,51	0,73	100	422	0,60	0,78	134	485	0,80	0,89	112	415	0,67	0,77	124	438	0,74	0,81	135	466	0,81	0,86	143	505	0,86	0,93	147	509	0,88	0,94
GWSS_E_00114_SE_01	158	385	88	262	0,56	0,68	99	291	0,63	0,76	117	333	0,74	0,86	101	300	0,64	0,78	115	327	0,73	0,85	123	336	0,78	0,87	125	339	0,79	0,88	128	344	0,81	0,89
GWSS_E_00115_SE_01	199	632	89	439	0,45	0,69	95	446	0,48	0,71	117	491	0,59	0,78	97	425	0,49	0,67	107	441	0,54	0,70	117	462	0,59	0,73	121	466	0,61	0,74	124	471	0,62	0,75
GWSS_E_00116_SE_01	140	363	74	246	0,53	0,68	85	266	0,61	0,73	98	291	0,70	0,80	90	269	0,64	0,74	95	276	0,68	0,76	101	287	0,72	0,79	103	292	0,74	0,80	105	296	0,75	0,82
GWSS_E_00117_SE_01	88	195	51	127	0,58	0,65	57	136	0,65	0,70	63	152	0,72	0,78	58	138	0,66	0,71	61	152	0,69	0,78	64	157	0,73	0,81	66	160	0,75	0,82	69	173	0,78	0,89
GWSS_E_00118_SE_01	183	527	93	381	0,51	0,72	107	402	0,58	0,76	134	436	0,73	0,83	116	411	0,63	0,78	130	432	0,71	0,82	135	437	0,74	0,83	138	440	0,75	0,83	140	443	0,77	0,84
GWSS_E_00119_SE_01	141	376	72	252	0,51	0,67	82	270	0,58	0,72	102	308	0,72	0,82	86	276	0,61	0,73	97	293	0,69	0,78	103	302	0,73	0,80	106	306	0,75	0,81	109	310	0,77	0,82
GWSS_E_00120_SE_01	232	749	99	522	0,43	0,70	122	564	0,53	0,75	160	638	0,69	0,85	134	572	0,58	0,76	155	618	0,67	0,83	168	637	0,72	0,85	174	643	0,75	0,86	177	647	0,76	0,86
GWSS_E_00121_SE_01	126	349	69	245	0,55	0,70	80	266	0,63	0,76	98	312	0,78	0,89	84	256	0,67	0,73	94	287	0,75	0,82	98	298	0,78	0,85	102	310	0,81	0,89	104	314	0,83	0,90
GWSS_E_00122_SE_01	177	466	90	310	0,51	0,67	103	332	0,58	0,71	126	385	0,71	0,83	104	325	0,59	0,70	117	356	0,66	0,76	126	375	0,71	0,80	131	382	0,74	0,82	135	388	0,76	0,83
GWSS_E_00123_SE_01	91	231	55	160	0,60	0,69	63	181	0,69	0,78	73	199	0,80	0,86	62	178	0,68	0,77	69	192	0,76	0,83	71	198	0,78	0,86	73	202	0,80	0,87	73	202	0,80	0,87
GWSS_E_00124_SE_01	147	382	79	275	0,54	0,72	94	300	0,64	0,79	102	313	0,69	0,82	98	298	0,67	0,78	106	311	0,72	0,81	109	316	0,74	0,83	113	327	0,77	0,86	114	328	0,78	0,86
GWSS_E_00125_SE_01	175	488	85	331	0,49	0,68	98	353	0,56	0,72	118	394	0,67	0,81	102	346	0,58	0,71	114	365	0,65	0,75	124	382	0,71	0,78	129	390	0,74	0,80	133	394	0,76	0,81
GWSS_E_00126_SE_01	148	665	80	485	0,54	0,73	93	527	0,63	0,79	114	568	0,77	0,85	99	539	0,67	0,81	111	558	0,75	0,84	119	571	0,80	0,86	121	577	0,82	0,87	121	577	0,82	0,87
GWSS_E_00127_SE_01	153	457	80	330	0,52	0,72	91	345	0,59	0,75	113	381	0,74	0,83	100	350	0,65	0,77	105	357	0,69	0,78	109	362	0,71	0,79	112	370	0,73	0,81	116	377	0,76	0,82
GWSS_E_00128_SE_01	80	176	50	129	0,63	0,73	57	137	0,71	0,78	65	147	0,81	0,84	61	138	0,76	0,78	63	141	0,79	0,80	66	151	0,83	0,86	67	152	0,84	0,86	69	158	0,86	0,90
GWSS_E_00129_SE_01	160	519	92	391	0,58	0,75	105	412	0,66	0,79	129	460	0,81	0,89	112	419	0,70	0,81	117	424	0,73	0,82	126	440	0,79	0,85	127	441	0,79	0,85	131	448	0,82	0,86
GWSS_E_00130_SE_01	160	500	88	400	0,55	0,80	103	421	0,64	0,84	119	441	0,74	0,88	107	409	0,67	0,82	113	415	0,71	0,83	116	419	0,73	0,84	125	437	0,78	0,87	128	442	0,80	0,88
GWSS_E_00131_SE_01	129	317	65	224	0,50	0,71	80	247	0,62	0,78	101	277	0,78	0,87	83	242	0,64	0,76	91	252	0,71	0,79	98	262	0,76	0,83	101	268	0,78	0,85	103	270	0,80	0,85
GWSS_E_00132_SE_01	115	324	72	243	0,63	0,75	80	254	0,70	0,78	94	289	0,82	0,89	79	250	0,69	0,77	89	274	0,77	0,85	94	283	0,82	0,87	97	295	0,84	0,91	99	297	0,86	0,92
GWSS_E_00133_SE_01	121	307	77	235	0,64	0,77	85	250	0,70	0,81	97	268	0,80	0,87	84	245	0,69	0,80	91	253	0,75	0,82	93	256	0,77	0,83	95	261	0,79	0,85	97	265	0,80	0,86
GWSS_E_00134_SE_01	136	360	70	248	0,51	0,69	82	270	0,60	0,75	97	305	0,71	0,85	88	273	0,65	0,76	94	294	0,69	0,82	98	298	0,72	0,83	103	304	0,76	0,84	107	308	0,79	0,86
GWSS_E_00135_SE_01	157	440	86	324	0,55	0,74	98	343	0,62	0,78	113	369	0,72	0,84	100	340	0,64	0,77	110	359	0,70	0,82	113	362	0,72	0,82	114	363	0,73	0,83	116	365	0,74	0,83
GWSS_E_00136_SE_01	188	626	88	420	0,47	0,67	114	481	0,61	0,77	143	551	0,76	0,88	120	504	0,64	0,81	135	521	0,72	0,83	143	531	0,76	0,85	147	537	0,78	0,86	152	544	0,81	0,87
GWSS_E_00137_SE_01	140	371	77	268	0,55	0,72	91	291	0,65	0,78	116	328	0,83	0,88	101	297	0,72	0,80	107	307	0,76	0,83	110	314	0,79	0,85	112	316	0,80	0,85	113	318	0,81	0,86
GWSS_E_00138_SE_01	136	360	72	261	0,53	0,73	85	282	0,63	0,78	101	304	0,74	0,84	90	284	0,66	0,79	102	301	0,75	0,84	107	309	0,79	0,86	111	315	0,82	0,88	111	315	0,82	0,88
GWSS_E_00139_SE_01	147	443	88	338	0,60	0,76	106	391	0,72	0,88	117	408	0,80	0,92	101	362	0,69	0,82	109	375	0,74	0,85	113	381	0,77	0,86	115	383	0,78	0,86	117	385	0,80	0,87
GWSS_E_00140_SE_01	91	192	54	132	0,59	0,69	61	141	0,67	0,73	76	163	0,84	0,85	70	155	0,77	0,81	73	160	0,80	0,83	74	161	0,81	0,84	75	162	0,82	0,84	76	163	0,84	0,85
GWSS_E_00141_SE_01	136	393	79	289	0,58	0,74	89	306	0,65	0,78	107	341	0,79	0,87	93	294	0,68	0,75	96	299	0,71	0,76	101	305	0,74	0,78	107	318	0,79	0,81	110	323	0,81	0,82
GWSS_E_00142_SE_01	159	369	79	253	0,50	0,69	89	270	0,56	0,73	109	296	0,69	0,80	100	263	0,63	0,71	109	276	0,69	0,75	113	280	0,71	0,76	119	290	0,75	0,79	122	293	0,77	0,79
GWSS_E_00143_SE_01	201	625	92	430	0,46	0,69	104	450	0,52	0,72	136	519	0,68	0,83	118	455	0,59	0,73	132	482	0,66	0,77	140	495	0,70	0,79	145	509	0,72	0,81	147	511	0,73	0,82
GWSS_E_00144_SE_01	451	1909	148	1323	0,33	0,69	184	1408	0,41	0,74	250	1548	0,55	0,81	209	1419	0,46	0,74	238	1469	0,53	0,77	259	1517	0,57	0,79	271	1547	0,60	0,81	280	1571	0,62	0,82
GWSS_E_00145_SE_01	523	2668	158	1902	0,30	0,71	207	2021	0,40	0,76	295	2195	0,56	0,82	237	1983	0,45	0,74	274	2043	0,52	0,77	295	2083	0,56	0,78	305	2164	0,58	0,81	315	2190	0,60	0,82
GWSS_E_00146_SE_01	591	2865	166	1963	0,28	0,69	217	2088	0,37	0,73	320	2348	0,54	0,82	256	2089	0,43	0,73	292	2162	0,49	0,75	312	2185	0,53	0,76	330	2242	0,56	0,78	344	2272	0,58	0,79
GWSS_E_00147_SE_01	460	2179	157	1586	0,34	0,73	200	1678	0,43	0,77	281	1857	0,61	0,85	228	1682	0,50	0,77	266	1737	0,58	0,80	281	1762	0,61	0,81	292	1793	0,63	0,82	299	1823	0,65	0,84
GWSS_E_00148_SE_01	713	4118	195	2990	0,27	0,73	268	3198	0,38	0,78	379	3476	0,53	0,84	293	3173	0,41	0,77	352	3276	0,49	0,80	389	3337	0,55	0,81	408	3404	0,57	0,83	422	3433	0,59	0,83
GWSS_E_00149_SE_01	590	3490	176	2574	0,30	0,74	232	2749	0,39	0,79	339	2947	0,57	0,84	278	2721	0,47	0,78	317	2802	0,54	0,80	339	2839	0,57	0,81	355	2899	0,60	0,83	368	2920	0,62	0,84
GWSS_E_00150_SE_01	588	3390	224	2609	0,38	0,77	286	2816	0,49	0,83	376	2995	0,64	0,88	286	2723	0,49	0,80	351	2870	0,60	0,85	368	2904	0,63	0,86	394	2947	0,67	0,87	408	2972	0,69	0,88
GWSS_E_00151_SE_01	621	3288	215	2355	0,35	0,72	282	2594	0,45	0,79	387	2853	0,62	0,87	304	2554	0,49	0,78	376	2693	0,61	0,82	418	2786	0,67	0,85	439	2824	0,71	0,86	451	2836	0,73	0,86
GWSS_E_00152_SE_01	624	3819	211	2817	0,34	0,74	280	3084	0,45	0,81	381	3303	0,61	0,86	292	2968	0,47	0,78	353	3129	0,57	0,82	399	3232	0,64	0,85	417	3258	0,67	0,85	426	3277	0,68	0,86
GWSS_E_00153_SE_01	692	3918	220	2822	0,32	0,72	304	3113	0,44	0,79	431	3421	0,62	0,87	328	3097	0,47	0,79	407	3274	0,59	0,84	444	3343	0,64	0,85	474	3399	0,68	0,87	489	3443	0,71	0,88
GWSS_E_00154_SE_01	658	2373	159	1371	0,24	0,58	215	1505	0,33	0,63	337	1733	0,51	0,73	261	1552	0,40	0,65	341	1671	0,52	0,70	373	1728	0,57	0,73	394	1756	0,60	0,74	410	1783	0,62	0,75
GWSS_E_00155_SE_01	668	3229	178	2136	0,27	0,66	246	2329	0,37	0,72	360	2557	0,54	0,79	306	2321	0,46	0,72	359	2403	0,54	0,74	397	2460	0,59	0,76	411	2488	0,62	0,77	434	2522	0,65	0,78
GWSS_E_00156_SE_01	804	2752	164	1615	0,20	0,59	240	1767	0,30	0,64	374	2021	0,47	0,73	309	1894	0,38	0,69	384	2015	0,48	0,73	426	2083	0,53	0,76	456	2121	0,57	0,77	484	2154	0,60	0,78
GWSS_E_00157_SE_01	868	4221	206	2646	0,24	0,63	301	2909	0,35	0,69	473	3273	0,54	0,78	352	2961	0,41	0,70	462	3175	0,53	0,75	505	3279	0,58	0,78	542	3346	0,62	0,79	566	3412	0,65	0,81
GWSS_E_00158_SE_01	807	2770	224	1836	0,28	0,66	311	2028	0,39	0,73	468	2272	0,58	0,82	344	2008	0,43	0,72	427	2123	0,53	0,77	477	2221	0,59	0,80	508	2257	0,63	0,81	530	2286	0,66	0,83
GWSS_E_00159_SE_01	477	1960	135	1224	0,28	0,62	171	1304	0,36	0,67	247	1489	0,52	0,76	209	1368	0,44	0,70	257	1509	0,54	0,77	278	1543	0,58	0,79	297	1573	0,62	0,80	312	1591	0,65	0,81
GWSS_E_00160_SE_01	966	3447	206	2091	0,21	0,61	270	2259	0,28	0,66	450	2619	0,47	0,76	349	2344	0,36	0,68	438	2488	0,45	0,72	485	2558	0,50	0,74	521	2615	0,54	0,76	545	2647	0,56	0,77
GWSS_E_00161_SE_01	921	3501	197	2123	0,21	0,61	274	2280	0,30	0,65	442	2701	0,48	0,77	344	2354	0,37	0,67	448	2547	0,49	0,73	512	2646	0,56	0,76	543	2697	0,59	0,77	567	2747	0,62	0,78
GWSS_E_00162_SE_01	724	3112	192	1935	0,27	0,62	264	2139	0,36	0,69	384	2353	0,53	0,76	291	2021	0,40	0,65	347	2111	0,48	0,68	381	2179	0,53	0,70	404	2232	0,56	0,72	414	2247	0,57	0,72
GWSS_E_00163_SE_01	958	5933	221	3997	0,23	0,67	313	4370	0,33	0,74	504	4777	0,53	0,81	386	4351	0,40	0,73	491	4570	0,51	0,77	539	4674	0,56	0,79	567	4769	0,59	0,80	593	4809	0,62	0,81
GWSS_E_00164_SE_01	790	4343	229	3026	0,29	0,70	311	3242	0,39	0,75	442	3522	0,56	0,81	361	3238	0,46	0,75	434	3366	0,55	0,78	483	3472	0,61	0,80	499	3505	0,63	0,81	518	3553	0,66	0,82
GWSS_E_00165_SE_01	632	3667	174	2544	0,28	0,69	247	2757	0,39	0,75	369	3015	0,58	0,82	309	2772	0,49	0,76	368	2931	0,58	0,80	393	2973	0,62	0,81	406	3005	0,64	0,82	419	3031	0,66	0,83
GWSS_E_00166_SE_01	652	2986	184	1985	0,28	0,66	238	2150	0,37	0,72	342	2378	0,52	0,80	279	2170	0,43	0,73	338	2283	0,52	0,76	362	2316	0,56	0,78	381	2354	0,58	0,79	394	2381	0,60	0,80
GWSS_E_00167_SE_01	547	1781	122	884	0,22	0,50	160	957	0,29	0,54	265	1206	0,48	0,68	217	1022	0,40	0,57	273	1121	0,50	0,63	301	1178	0,55	0,66	315	1263	0,58	0,71	325	1288	0,59	0,72
GWSS_E_00168_SE_01	666	2198	185	1307	0,28	0,59	253	1451	0,38	0,66	383	1675	0,58	0,76	291	1445	0,44	0,66	377	1586	0,57	0,72	418	1646	0,63	0,75	438	1674	0,66	0,76	449	1689	0,67	0,77
GWSS_E_00169_SE_01	449	1481	170	1017	0,38	0,69	209	1090	0,47	0,74	265	1203	0,59	0,81	216	1071	0,48	0,72	250	1134	0,56	0,77	272	1166	0,61	0,79	282	1178	0,63	0,80	295	1195	0,66	0,81
GWSS_E_00170_SE_01	412	1169	153	770	0,37	0,66	181	812	0,44	0,69	259	960	0,63	0,82	195	814	0,47	0,70	233	873	0,57	0,75	259	908	0,63	0,78	271	924	0,66	0,79	282	937	0,68	0,80
GWSS_E_00171_SE_01	861	2743	211	1622	0,25	0,59	296	1842	0,34	0,67	471	2111	0,55	0,77	342	1794	0,40	0,65	449	2033	0,52	0,74	508	2159	0,59	0,79	542	2220	0,63	0,81	569	2256	0,66	0,82
GWSS_E_00172_SE_01	299	799	117	514	0,39	0,64	146	579	0,49	0,72	192	644	0,64	0,81	153	515	0,51	0,64	172	544	0,58	0,68	192	570	0,64	0,71	203	584	0,68	0,73	204	585	0,68	0,73
GWSS_E_00173_SE_01	301	802	120	550	0,40	0,69	145	588	0,48	0,73	190	652	0,63	0,81	149	577	0,50	0,72	169	608	0,56	0,76	177	616	0,59	0,77	188	628	0,62	0,78	193	633	0,64	0,79
GWSS_E_00174_SE_01	292	614	92	362	0,32	0,59	101	374	0,35	0,61	142	429	0,49	0,70	109	372	0,37	0,61	131	395	0,45	0,64	147	414	0,50	0,67	158	430	0,54	0,70	167	439	0,57	0,71
GWSS_E_00175_SE_01	956	4173	247	2702	0,26	0,65	344	2967	0,36	0,71	530	3319	0,55	0,80	397	2999	0,42	0,72	512	3201	0,54	0,77	580	3331	0,61	0,80	612	3397	0,64	0,81	638	3429	0,67	0,82
GWSS_E_00176_SE_01	700	2717	188	1812	0,27	0,67	268	2034	0,38	0,75	387	2230	0,55	0,82	293	1986	0,42	0,73	383	2127	0,55	0,78	426	2198	0,61	0,81	447	2223	0,64	0,82	473	2255	0,68	0,83
GWSS_E_00177_SE_01	1131	5022	249	3323	0,22	0,66	362	3631	0,32	0,72	587	4075	0,52	0,81	432	3633	0,38	0,72	573	3906	0,51	0,78	644	4027	0,57	0,80	697	4122	0,62	0,82	732	4179	0,65	0,83
GWSS_E_00178_SE_01	505	2255	172	1628	0,34	0,72	246	1809	0,49	0,80	348	1999	0,69	0,89	287	1815	0,57	0,80	339	1930	0,67	0,86	363	1962	0,72	0,87	379	1985	0,75	0,88	386	1995	0,76	0,88
GWSS_E_00179_SE_01	333	1795	151	1410	0,45	0,79	197	1508	0,59	0,84	249	1628	0,75	0,91	200	1506	0,60	0,84	240	1591	0,72	0,89	257	1614	0,77	0,90	264	1623	0,79	0,90	269	1635	0,81	0,91
GWSS_E_00180_SE_01	451	1814	172	1310	0,38	0,72	229	1427	0,51	0,79	326	1613	0,72	0,89	264	1464	0,59	0,81	315	1547	0,70	0,85	332	1576	0,74	0,87	339	1583	0,75	0,87	346	1593	0,77	0,88
GWSS_E_00181_SE_01	389	1786	142	1296	0,37	0,73	180	1398	0,46	0,78	256	1550	0,66	0,87	219	1399	0,56	0,78	255	1478	0,66	0,83	268	1498	0,69	0,84	276	1516	0,71	0,85	285	1535	0,73	0,86
GWSS_E_00182_SE_01	525	2504	179	1742	0,34	0,70	238	1939	0,45	0,77	331	2168	0,63	0,87	264	1944	0,50	0,78	324	2075	0,62	0,83	347	2151	0,66	0,86	361	2176	0,69	0,87	375	2194	0,71	0,88
GWSS_E_00183_SE_01	393	1638	166	1257	0,42	0,77	219	1372	0,56	0,84	289	1500	0,74	0,92	235	1352	0,60	0,83	268	1409	0,68	0,86	289	1444	0,74	0,88	298	1458	0,76	0,89	307	1478	0,78	0,90
GWSS_E_00184_SE_01	571	2618	208	1978	0,36	0,76	278	2164	0,49	0,83	398	2362	0,70	0,90	316	2168	0,55	0,83	378	2270	0,66	0,87	404	2303	0,71	0,88	419	2321	0,73	0,89	431	2334	0,75	0,89
GWSS_E_00185_SE_01	481	2445	178	1876	0,37	0,77	226	2023	0,47	0,83	324	2222	0,67	0,91	243	1979	0,51	0,81	299	2072	0,62	0,85	322	2100	0,67	0,86	340	2122	0,71	0,87	350	2146	0,73	0,88
GWSS_E_00186_SE_01	369	1266	144	918	0,39	0,73	176	973	0,48	0,77	249	1091	0,67	0,86	210	1006	0,57	0,79	249	1058	0,67	0,84	268	1082	0,73	0,85	281	1098	0,76	0,87	284	1102	0,77	0,87
GWSS_E_00187_SE_01	506	2340	199	1695	0,39	0,72	257	1838	0,51	0,79	367	2078	0,73	0,89	292	1865	0,58	0,80	346	1957	0,68	0,84	369	2009	0,73	0,86	382	2039	0,75	0,87	394	2062	0,78	0,88
GWSS_E_00188_SE_01	674	3314	204	2323	0,30	0,70	277	2566	0,41	0,77	398	2850	0,59	0,86	313	2552	0,46	0,77	387	2677	0,57	0,81	426	2754	0,63	0,83	441	2780	0,65	0,84	452	2792	0,67	0,84
GWSS_E_00189_SE_01	532	2946	190	2221	0,36	0,75	254	2448	0,48	0,83	356	2684	0,67	0,91	277	2374	0,52	0,81	334	2493	0,63	0,85	360	2539	0,68	0,86	371	2566	0,70	0,87	381	2581	0,72	0,88
GWSS_E_00190_SE_01	595	2821	175	2035	0,29	0,72	230	2202	0,39	0,78	364	2488	0,61	0,88	288	2291	0,48	0,81	363	2405	0,61	0,85	391	2445	0,66	0,87	409	2470	0,69	0,88	427	2500	0,72	0,89
GWSS_E_00191_SE_01	484	3014	190	2370	0,39	0,79	255	2562	0,53	0,85	342	2778	0,71	0,92	270	2519	0,56	0,84	321	2620	0,66	0,87	349	2664	0,72	0,88	364	2713	0,75	0,90	373	2729	0,77	0,91
GWSS_E_00192_SE_01	563	3058	197	2311	0,35	0,76	273	2493	0,48	0,82	394	2761	0,70	0,90	300	2470	0,53	0,81	363	2588	0,64	0,85	390	2641	0,69	0,86	409	2667	0,73	0,87	420	2697	0,75	0,88
GWSS_E_00193_SE_01	637	3093	193	2270	0,30	0,73	246	2425	0,39	0,78	395	2705	0,62	0,87	309	2488	0,49	0,80	398	2639	0,62	0,85	431	2683	0,68	0,87	453	2710	0,71	0,88	467	2735	0,73	0,88
GWSS_E_00194_SE_01	482	2062	178	1479	0,37	0,72	230	1607	0,48	0,78	321	1789	0,67	0,87	261	1616	0,54	0,78	304	1689	0,63	0,82	329	1731	0,68	0,84	345	1769	0,72	0,86	355	1786	0,74	0,87
GWSS_E_00195_SE_01	530	2259	182	1630	0,34	0,72	251	1815	0,47	0,80	359	2002	0,68	0,89	283	1835	0,53	0,81	351	1934	0,66	0,86	378	1979	0,71	0,88	394	1999	0,74	0,88	401	2010	0,76	0,89
GWSS_E_00196_SE_01	470	2015	160	1458	0,34	0,72	207	1593	0,44	0,79	275	1710	0,59	0,85	223	1554	0,47	0,77	263	1632	0,56	0,81	291	1673	0,62	0,83	305	1710	0,65	0,85	312	1717	0,66	0,85
GWSS_E_00197_SE_01	547	3086	173	2297	0,32	0,74	240	2534	0,44	0,82	341	2705	0,62	0,88	280	2515	0,51	0,81	338	2627	0,62	0,85	367	2695	0,67	0,87	380	2718	0,69	0,88	389	2728	0,71	0,88
GWSS_E_00198_SE_01	490	2164	197	1690	0,40	0,78	246	1777	0,50	0,82	335	1931	0,68	0,89	267	1746	0,54	0,81	321	1835	0,66	0,85	340	1862	0,69	0,86	355	1884	0,72	0,87	366	1903	0,75	0,88
GWSS_E_00199_SE_01	571	2855	191	2060	0,33	0,72	254	2240	0,44	0,78	352	2458	0,62	0,86	296	2235	0,52	0,78	347	2328	0,61	0,82	380	2391	0,67	0,84	394	2413	0,69	0,85	407	2427	0,71	0,85
GWSS_E_00200_SE_01	548	2798	180	2058	0,33	0,74	243	2256	0,44	0,81	357	2480	0,65	0,89	293	2283	0,53	0,82	348	2391	0,64	0,85	386	2442	0,70	0,87	399	2456	0,73	0,88	407	2466	0,74	0,88
GWSS_E_00201_SE_01	476	2081	191	1543	0,40	0,74	245	1681	0,51	0,81	335	1844	0,70	0,89	246	1593	0,52	0,77	308	1738	0,65	0,84	333	1776	0,70	0,85	352	1801	0,74	0,87	358	1808	0,75	0,87
GWSS_E_00202_SE_01	472	2474	184	1935	0,39	0,78	246	2102	0,52	0,85	331	2267	0,70	0,92	268	1990	0,57	0,80	327	2084	0,69	0,84	345	2110	0,73	0,85	357	2129	0,76	0,86	361	2134	0,76	0,86
GWSS_E_00203_SE_01	461	2291	171	1714	0,37	0,75	220	1880	0,48	0,82	323	2060	0,70	0,90	264	1880	0,57	0,82	308	1942	0,67	0,85	332	1978	0,72	0,86	342	2003	0,74	0,87	352	2015	0,76	0,88
GWSS_E_00204_SE_01	565	3363	228	2606	0,40	0,77	301	2825	0,53	0,84	399	3037	0,71	0,90	309	2774	0,55	0,82	367	2902	0,65	0,86	397	2956	0,70	0,88	407	2981	0,72	0,89	416	3010	0,74	0,90
GWSS_E_00205_SE_01	579	3070	215	2350	0,37	0,77	287	2548	0,50	0,83	405	2771	0,70	0,90	314	2574	0,54	0,84	383	2680	0,66	0,87	407	2737	0,70	0,89	419	2755	0,72	0,90	431	2779	0,74	0,91
GWSS_E_00206_SE_01	515	2470	187	1878	0,36	0,76	245	2050	0,48	0,83	350	2241	0,68	0,91	272	2039	0,53	0,83	326	2141	0,63	0,87	355	2184	0,69	0,88	370	2205	0,72	0,89	383	2223	0,74	0,90
GWSS_E_00207_SE_01	534	2119	177	1485	0,33	0,70	226	1637	0,42	0,77	341	1838	0,64	0,87	276	1692	0,52	0,80	332	1766	0,62	0,83	367	1821	0,69	0,86	375	1835	0,70	0,87	387	1857	0,72	0,88
GWSS_E_00208_SE_01	221	737	108	544	0,49	0,74	131	595	0,59	0,81	165	641	0,75	0,87	132	577	0,60	0,78	157	606	0,71	0,82	165	618	0,75	0,84	172	630	0,78	0,85	174	632	0,79	0,86
GWSS_E_00209_SE_01	376	1725	151	1231	0,40	0,71	183	1350	0,49	0,78	257	1517	0,68	0,88	204	1376	0,54	0,80	250	1469	0,66	0,85	269	1508	0,72	0,87	275	1526	0,73	0,88	279	1530	0,74	0,89
GWSS_E_00210_SE_01	207	627	92	465	0,44	0,74	108	493	0,52	0,79	133	531	0,64	0,85	116	483	0,56	0,77	134	507	0,65	0,81	141	518	0,68	0,83	148	525	0,71	0,84	152	533	0,73	0,85
GWSS_E_00211_SE_01	357	1915	152	1450	0,43	0,76	191	1557	0,54	0,81	254	1691	0,71	0,88	218	1550	0,61	0,81	251	1610	0,70	0,84	265	1639	0,74	0,86	276	1672	0,77	0,87	280	1676	0,78	0,88
GWSS_E_00212_SE_01	555	3571	213	2733	0,38	0,77	276	2974	0,50	0,83	371	3178	0,67	0,89	287	2981	0,52	0,83	343	3080	0,62	0,86	376	3138	0,68	0,88	399	3184	0,72	0,89	407	3195	0,73	0,89
GWSS_E_00213_SE_01	289	1194	125	825	0,43	0,69	154	892	0,53	0,75	221	1061	0,76	0,89	181	929	0,63	0,78	209	1011	0,72	0,85	218	1022	0,75	0,86	228	1039	0,79	0,87	230	1041	0,80	0,87
GWSS_E_00214_SE_01	215	649	111	484	0,52	0,75	133	518	0,62	0,80	170	574	0,79	0,88	133	496	0,62	0,76	153	523	0,71	0,81	158	530	0,73	0,82	158	530	0,73	0,82	162	539	0,75	0,83
GWSS_E_00215_SE_01	324	755	102	440	0,31	0,58	124	482	0,38	0,64	208	595	0,64	0,79	161	517	0,50	0,68	204	571	0,63	0,76	238	611	0,73	0,81	247	621	0,76	0,82	254	629	0,78	0,83
GWSS_E_00216_SE_01	296	1020	138	746	0,47	0,73	169	808	0,57	0,79	217	876	0,73	0,86	168	789	0,57	0,77	197	831	0,67	0,81	206	860	0,70	0,84	212	867	0,72	0,85	218	875	0,74	0,86
GWSS_E_00217_SE_01	313	926	143	699	0,46	0,75	167	737	0,53	0,80	233	826	0,74	0,89	173	714	0,55	0,77	213	763	0,68	0,82	228	784	0,73	0,85	236	794	0,75	0,86	241	800	0,77	0,86
GWSS_E_00218_SE_01	308	733	119	474	0,39	0,65	152	520	0,49	0,71	213	616	0,69	0,84	158	509	0,51	0,69	197	551	0,64	0,75	221	583	0,72	0,80	226	588	0,73	0,80	232	618	0,75	0,84
GWSS_E_00219_SE_01	209	788	111	601	0,53	0,76	131	640	0,63	0,81	157	698	0,75	0,89	124	606	0,59	0,77	143	644	0,68	0,82	152	656	0,73	0,83	155	664	0,74	0,84	158	668	0,76	0,85
GWSS_E_00220_SE_01	402	1339	146	907	0,36	0,68	194	990	0,48	0,74	260	1098	0,65	0,82	206	974	0,51	0,73	252	1065	0,63	0,80	279	1098	0,69	0,82	295	1116	0,73	0,83	300	1121	0,75	0,84
GWSS_E_00221_SE_01	174	472	102	361	0,59	0,76	113	377	0,65	0,80	140	427	0,80	0,90	117	387	0,67	0,82	129	404	0,74	0,86	137	412	0,79	0,87	140	420	0,80	0,89	142	422	0,82	0,89
GWSS_E_00222_SE_01	279	822	126	542	0,45	0,66	165	610	0,59	0,74	217	693	0,78	0,84	158	565	0,57	0,69	195	649	0,70	0,79	210	672	0,75	0,82	219	682	0,78	0,83	222	696	0,80	0,85
GWSS_E_00223_SE_01	198	526	115	388	0,58	0,74	130	412	0,66	0,78	157	452	0,79	0,86	131	393	0,66	0,75	147	415	0,74	0,79	155	428	0,78	0,81	156	429	0,79	0,82	157	432	0,79	0,82
GWSS_E_00224_SE_01	149	351	72	230	0,48	0,66	83	247	0,56	0,70	109	291	0,73	0,83	86	241	0,58	0,69	100	265	0,67	0,75	105	272	0,70	0,77	107	274	0,72	0,78	110	278	0,74	0,79
GWSS_E_00225_SE_01	541	2407	196	1809	0,36	0,75	249	1934	0,46	0,80	328	2090	0,61	0,87	234	1784	0,43	0,74	300	1962	0,55	0,82	331	2021	0,61	0,84	350	2052	0,65	0,85	365	2085	0,67	0,87
GWSS_E_00226_SE_01	585	2473	208	1790	0,36	0,72	283	1986	0,48	0,80	370	2132	0,63	0,86	269	1873	0,46	0,76	334	1977	0,57	0,80	373	2071	0,64	0,84	394	2108	0,67	0,85	408	2123	0,70	0,86
GWSS_E_00227_SE_01	519	2960	216	2336	0,42	0,79	275	2514	0,53	0,85	365	2682	0,70	0,91	277	2457	0,53	0,83	334	2565	0,64	0,87	361	2616	0,70	0,88	376	2668	0,72	0,90	385	2683	0,74	0,91
GWSS_E_00228_SE_01	503	2782	204	2104	0,41	0,76	276	2350	0,55	0,84	366	2530	0,73	0,91	281	2272	0,56	0,82	337	2403	0,67	0,86	363	2455	0,72	0,88	379	2495	0,75	0,90	388	2512	0,77	0,90
GWSS_E_00229_SE_01	641	3514	238	2685	0,37	0,76	320	2924	0,50	0,83	436	3112	0,68	0,89	328	2786	0,51	0,79	396	2892	0,62	0,82	438	2982	0,68	0,85	459	3032	0,72	0,86	481	3091	0,75	0,88
GWSS_E_00230_SE_01	852	4140	217	2947	0,25	0,71	297	3183	0,35	0,77	430	3455	0,50	0,83	336	3143	0,39	0,76	415	3289	0,49	0,79	455	3358	0,53	0,81	480	3404	0,56	0,82	497	3438	0,58	0,83
GWSS_E_00231_SE_01	983	4274	235	2816	0,24	0,66	326	3036	0,33	0,71	493	3401	0,50	0,80	386	3057	0,39	0,72	484	3203	0,49	0,75	538	3337	0,55	0,78	571	3385	0,58	0,79	597	3433	0,61	0,80
GWSS_E_00232_SE_01	939	4065	216	2662	0,23	0,65	307	2903	0,33	0,71	472	3246	0,50	0,80	376	2948	0,40	0,73	458	3100	0,49	0,76	488	3139	0,52	0,77	511	3167	0,54	0,78	528	3214	0,56	0,79
GWSS_E_00233_SE_01	870	2357	198	1382	0,23	0,59	263	1489	0,30	0,63	399	1697	0,46	0,72	302	1481	0,35	0,63	386	1629	0,44	0,69	434	1712	0,50	0,73	464	1756	0,53	0,75	496	1797	0,57	0,76
GWSS_E_00234_SE_01	1067	3045	213	1699	0,20	0,56	289	1887	0,27	0,62	491	2256	0,46	0,74	352	1928	0,33	0,63	488	2170	0,46	0,71	562	2284	0,53	0,75	609	2343	0,57	0,77	637	2379	0,60	0,78
GWSS_E_00235_SE_01	851	3971	222	2691	0,26	0,68	311	2910	0,37	0,73	442	3226	0,52	0,81	328	2885	0,39	0,73	411	3016	0,48	0,76	448	3075	0,53	0,77	468	3103	0,55	0,78	493	3149	0,58	0,79
GWSS_E_00236_SE_01	1228	5539	275	3714	0,22	0,67	398	4066	0,32	0,73	635	4578	0,52	0,83	455	4064	0,37	0,73	609	4361	0,50	0,79	697	4538	0,57	0,82	742	4605	0,60	0,83	776	4654	0,63	0,84
GWSS_E_00237_SE_01	1144	4888	290	3321	0,25	0,68	420	3654	0,37	0,75	643	4062	0,56	0,83	444	3570	0,39	0,73	587	3808	0,51	0,78	668	3927	0,58	0,80	716	3998	0,63	0,82	750	4042	0,66	0,83
GWSS_E_00238_SE_01	689	3553	201	2270	0,29	0,64	272	2587	0,39	0,73	391	2927	0,57	0,82	320	2590	0,46	0,73	385	2707	0,56	0,76	413	2745	0,60	0,77	434	2793	0,63	0,79	449	2916	0,65	0,82
GWSS_E_00239_SE_01	750	2878	192	1889	0,26	0,66	278	2092	0,37	0,73	403	2335	0,54	0,81	301	1998	0,40	0,69	388	2158	0,52	0,75	423	2214	0,56	0,77	455	2281	0,61	0,79	477	2314	0,64	0,80
GWSS_E_00240_SE_01	695	2527	198	1664	0,28	0,66	256	1793	0,37	0,71	375	2026	0,54	0,80	305	1810	0,44	0,72	357	1894	0,51	0,75	393	1950	0,57	0,77	409	1983	0,59	0,78	428	2016	0,62	0,80
GWSS_E_00241_SE_01	615	2484	188	1684	0,31	0,68	250	1872	0,41	0,75	372	2064	0,60	0,83	280	1824	0,46	0,73	344	1924	0,56	0,77	394	2012	0,64	0,81	415	2043	0,67	0,82	426	2055	0,69	0,83
GWSS_E_00242_SE_01	675	4532	204	3397	0,30	0,75	284	3665	0,42	0,81	418	3959	0,62	0,87	320	3612	0,47	0,80	393	3793	0,58	0,84	435	3860	0,64	0,85	454	3888	0,67	0,86	478	3941	0,71	0,87
GWSS_E_00243_SE_01	485	2005	157	1418	0,32	0,71	199	1495	0,41	0,75	268	1620	0,55	0,81	231	1502	0,48	0,75	270	1575	0,56	0,79	288	1602	0,59	0,80	307	1643	0,63	0,82	312	1653	0,64	0,82
GWSS_E_00244_SE_01	750	2935	178	1901	0,24	0,65	241	2067	0,32	0,70	387	2329	0,52	0,79	298	2111	0,40	0,72	383	2248	0,51	0,77	439	2347	0,59	0,80	467	2391	0,62	0,81	501	2440	0,67	0,83
GWSS_E_00245_SE_01	611	2459	174	1626	0,28	0,66	205	1707	0,34	0,69	304	1909	0,50	0,78	244	1702	0,40	0,69	287	1799	0,47	0,73	312	1842	0,51	0,75	330	1876	0,54	0,76	346	1911	0,57	0,78
GWSS_E_00246_SE_01	895	4710	229	3298	0,26	0,70	319	3587	0,36	0,76	504	3959	0,56	0,84	355	3585	0,40	0,76	460	3767	0,51	0,80	509	3850	0,57	0,82	543	3902	0,61	0,83	571	3957	0,64	0,84
GWSS_E_00247_SE_01	702	2809	164	1871	0,23	0,67	229	2013	0,33	0,72	358	2247	0,51	0,80	290	2084	0,41	0,74	358	2183	0,51	0,78	399	2242	0,57	0,80	427	2280	0,61	0,81	447	2306	0,64	0,82
GWSS_E_00248_SE_01	733	3592	202	2398	0,28	0,67	260	2613	0,35	0,73	402	2960	0,55	0,82	321	2700	0,44	0,75	403	2846	0,55	0,79	446	2927	0,61	0,81	475	2987	0,65	0,83	491	3008	0,67	0,84
GWSS_E_00300_SE_01	316	791	104	499	0,33	0,63	137	548	0,43	0,69	185	633	0,59	0,80	143	542	0,45	0,69	173	597	0,55	0,75	190	619	0,60	0,78	195	624	0,62	0,79	200	637	0,63	0,81
GWSS_E_00300_SE_02	214	743	116	573	0,54	0,77	141	615	0,66	0,83	169	660	0,79	0,89	145	603	0,68	0,81	159	636	0,74	0,86	166	654	0,78	0,88	170	658	0,79	0,89	172	662	0,80	0,89
GWSS_E_00301_SE_01	217	718	103	549	0,47	0,76	124	587	0,57	0,82	144	614	0,66	0,86	117	554	0,54	0,77	133	593	0,61	0,83	138	598	0,64	0,83	142	603	0,65	0,84	144	608	0,66	0,85
GWSS_E_00301_SE_02	169	515	106	394	0,63	0,77	121	422	0,72	0,82	136	451	0,80	0,88	115	411	0,68	0,80	126	435	0,75	0,84	130	441	0,77	0,86	133	446	0,79	0,87	134	447	0,79	0,87
GWSS_E_00302_SE_01	271	876	104	585	0,38	0,67	128	644	0,47	0,74	164	703	0,61	0,80	129	612	0,48	0,70	148	650	0,55	0,74	161	670	0,59	0,76	167	684	0,62	0,78	176	701	0,65	0,80
GWSS_E_00302_SE_02	140	380	83	298	0,59	0,78	101	332	0,72	0,87	113	350	0,81	0,92	101	329	0,72	0,87	108	338	0,77	0,89	111	342	0,79	0,90	114	345	0,81	0,91	115	346	0,82	0,91
GWSS_E_00303_SE_01	199	475	83	318	0,42	0,67	95	341	0,48	0,72	121	378	0,61	0,80	95	333	0,48	0,70	108	360	0,54	0,76	116	370	0,58	0,78	118	372	0,59	0,78	120	375	0,60	0,79
GWSS_E_00303_SE_02	115	266	65	199	0,57	0,75	78	218	0,68	0,82	90	239	0,78	0,90	73	212	0,63	0,80	80	222	0,70	0,83	83	229	0,72	0,86	86	232	0,75	0,87	88	235	0,77	0,88
GWSS_E_00304_SE_01	273	901	135	694	0,49	0,77	167	758	0,61	0,84	206	813	0,75	0,90	163	734	0,60	0,81	189	777	0,69	0,86	200	796	0,73	0,88	206	804	0,75	0,89	212	811	0,78	0,90
GWSS_E_00304_SE_02	428	1781	151	1270	0,35	0,71	208	1433	0,49	0,80	266	1532	0,62	0,86	212	1407	0,50	0,79	247	1469	0,58	0,82	258	1485	0,60	0,83	272	1511	0,64	0,85	280	1534	0,65	0,86
GWSS_E_00305_SE_01	197	603	115	478	0,58	0,79	134	513	0,68	0,85	156	548	0,79	0,91	124	487	0,63	0,81	136	509	0,69	0,84	142	517	0,72	0,86	144	519	0,73	0,86	150	531	0,76	0,88
GWSS_E_00305_SE_02	74	153	51	123	0,69	0,80	58	132	0,78	0,86	62	139	0,84	0,91	55	128	0,74	0,84	58	132	0,78	0,86	58	132	0,78	0,86	58	132	0,78	0,86	60	134	0,81	0,88
GWSS_E_00306_SE_01	245	695	112	506	0,46	0,73	150	567	0,61	0,82	177	607	0,72	0,87	136	523	0,56	0,75	161	573	0,66	0,82	170	586	0,69	0,84	174	590	0,71	0,85	178	598	0,73	0,86
GWSS_E_00306_SE_02	301	1150	145	903	0,48	0,79	190	992	0,63	0,86	227	1037	0,75	0,90	176	951	0,58	0,83	206	992	0,68	0,86	222	1013	0,74	0,88	228	1025	0,76	0,89	233	1030	0,77	0,90
GWSS_E_00307_SE_01	186	488	94	367	0,51	0,75	108	396	0,58	0,81	123	415	0,66	0,85	98	359	0,53	0,74	114	388	0,61	0,80	118	394	0,63	0,81	119	395	0,64	0,81	123	400	0,66	0,82
GWSS_E_00307_SE_02	220	624	119	482	0,54	0,77	138	503	0,63	0,81	166	545	0,75	0,87	132	483	0,60	0,77	152	517	0,69	0,83	156	521	0,71	0,83	159	528	0,72	0,85	162	535	0,74	0,86
GWSS_E_00308_SE_01	160	392	89	294	0,56	0,75	101	319	0,63	0,81	114	335	0,71	0,85	95	294	0,59	0,75	104	310	0,65	0,79	108	314	0,68	0,80	110	316	0,69	0,81	115	325	0,72	0,83
GWSS_E_00308_SE_02	324	1405	163	1065	0,50	0,76	196	1177	0,60	0,84	239	1263	0,74	0,90	193	1158	0,60	0,82	219	1207	0,68	0,86	233	1229	0,72	0,87	240	1253	0,74	0,89	248	1266	0,77	0,90
GWSS_E_00309_SE_01	248	686	126	504	0,51	0,73	160	561	0,65	0,82	183	591	0,74	0,86	144	520	0,58	0,76	165	557	0,67	0,81	177	573	0,71	0,84	179	577	0,72	0,84	183	591	0,74	0,86
GWSS_E_00309_SE_02	320	1368	156	1079	0,49	0,79	189	1141	0,59	0,83	231	1214	0,72	0,89	184	1127	0,58	0,82	208	1170	0,65	0,86	220	1193	0,69	0,87	231	1218	0,72	0,89	234	1222	0,73	0,89
GWSS_E_00310_SE_01	232	667	116	489	0,50	0,73	142	538	0,61	0,81	168	583	0,72	0,87	139	532	0,60	0,80	158	560	0,68	0,84	165	573	0,71	0,86	171	586	0,74	0,88	175	590	0,75	0,88
GWSS_E_00310_SE_02	194	620	114	488	0,59	0,79	142	542	0,73	0,87	165	575	0,85	0,93	138	533	0,71	0,86	156	565	0,80	0,91	161	573	0,83	0,92	161	573	0,83	0,92	163	575	0,84	0,93
GWSS_E_00311_SE_01	288	952	123	707	0,43	0,74	148	750	0,51	0,79	192	825	0,67	0,87	157	751	0,55	0,79	187	797	0,65	0,84	195	806	0,68	0,85	197	809	0,68	0,85	207	828	0,72	0,87
GWSS_E_00311_SE_02	93	232	66	192	0,71	0,83	72	205	0,77	0,88	79	215	0,85	0,93	71	203	0,76	0,88	75	208	0,81	0,90	79	214	0,85	0,92	79	214	0,85	0,92	79	214	0,85	0,92
GWSS_E_00312_SE_01	193	478	98	337	0,51	0,71	124	382	0,64	0,80	143	411	0,74	0,86	117	371	0,61	0,78	128	392	0,66	0,82	133	398	0,69	0,83	134	399	0,69	0,83	137	405	0,71	0,85
GWSS_E_00312_SE_02	206	730	122	580	0,59	0,79	140	617	0,68	0,85	160	654	0,78	0,90	134	607	0,65	0,83	147	630	0,71	0,86	153	639	0,74	0,88	155	649	0,75	0,89	161	658	0,78	0,90
GWSS_E_00313_SE_01	204	455	106	308	0,52	0,68	123	339	0,60	0,75	144	372	0,71	0,82	115	336	0,56	0,74	140	365	0,69	0,80	144	375	0,71	0,82	147	378	0,72	0,83	152	385	0,75	0,85
GWSS_E_00313_SE_02	231	722	116	531	0,50	0,74	145	572	0,63	0,79	170	622	0,74	0,86	132	554	0,57	0,77	151	582	0,65	0,81	156	595	0,68	0,82	159	599	0,69	0,83	160	600	0,69	0,83
GWSS_E_00314_SE_01	179	464	111	368	0,62	0,79	128	395	0,72	0,85	147	425	0,82	0,92	114	375	0,64	0,81	129	395	0,72	0,85	134	402	0,75	0,87	137	405	0,77	0,87	141	413	0,79	0,89
GWSS_E_00314_SE_02	188	518	113	398	0,60	0,77	132	438	0,70	0,85	160	483	0,85	0,93	134	438	0,71	0,85	145	456	0,77	0,88	149	461	0,79	0,89	155	470	0,82	0,91	160	475	0,85	0,92
GWSS_E_00315_SE_01	200	439	87	283	0,44	0,64	104	316	0,52	0,72	134	362	0,67	0,82	104	316	0,52	0,72	124	345	0,62	0,79	136	360	0,68	0,82	140	365	0,70	0,83	143	368	0,72	0,84
GWSS_E_00315_SE_02	237	916	126	719	0,53	0,78	161	802	0,68	0,88	188	854	0,79	0,93	155	771	0,65	0,84	176	809	0,74	0,88	181	819	0,76	0,89	185	826	0,78	0,90	188	830	0,79	0,91
GWSS_E_00316_SE_01	197	585	98	440	0,50	0,75	111	479	0,56	0,82	135	508	0,69	0,87	110	468	0,56	0,80	122	485	0,62	0,83	127	491	0,64	0,84	128	492	0,65	0,84	130	494	0,66	0,84
GWSS_E_00316_SE_02	167	463	95	343	0,57	0,74	106	373	0,63	0,81	118	395	0,71	0,85	94	365	0,56	0,79	107	383	0,64	0,83	111	388	0,66	0,84	114	392	0,68	0,85	115	400	0,69	0,86
GWSS_E_00317_SE_01	229	600	116	434	0,51	0,72	132	476	0,58	0,79	160	509	0,70	0,85	131	453	0,57	0,76	151	488	0,66	0,81	161	503	0,70	0,84	163	506	0,71	0,84	164	509	0,72	0,85
GWSS_E_00317_SE_02	122	344	75	271	0,61	0,79	84	286	0,69	0,83	96	309	0,79	0,90	84	289	0,69	0,84	91	299	0,75	0,87	92	302	0,75	0,88	93	304	0,76	0,88	93	304	0,76	0,88
GWSS_E_00318_SE_01	156	391	93	320	0,60	0,82	112	345	0,72	0,88	120	353	0,77	0,90	96	317	0,62	0,81	111	334	0,71	0,85	118	342	0,76	0,87	121	346	0,78	0,88	125	351	0,80	0,90
GWSS_E_00318_SE_02	320	1275	151	1013	0,47	0,79	193	1094	0,60	0,86	248	1172	0,78	0,92	180	1046	0,56	0,82	220	1107	0,69	0,87	234	1125	0,73	0,88	240	1134	0,75	0,89	245	1140	0,77	0,89
