Speech Event	lemmas	tokens	lemma_token_ratio
FOLK_E_00001_SE_01	950	6987	0,14	
FOLK_E_00002_SE_01	708	3047	0,23	
FOLK_E_00003_SE_01	625	4012	0,16	
FOLK_E_00004_SE_01	1273	9982	0,13	
FOLK_E_00005_SE_01	910	6829	0,13	
FOLK_E_00006_SE_01	925	5480	0,17	
FOLK_E_00007_SE_01	1201	9644	0,12	
FOLK_E_00008_SE_01	1049	6378	0,16	
FOLK_E_00009_SE_01	824	4967	0,17	
FOLK_E_00010_SE_01	602	5522	0,11	
FOLK_E_00011_SE_01	1312	24379	0,05	
FOLK_E_00012_SE_01	460	5176	0,09	
FOLK_E_00013_SE_01	809	4112	0,20	
FOLK_E_00014_SE_01	583	3541	0,16	
FOLK_E_00015_SE_01	1064	7948	0,13	
FOLK_E_00016_SE_01	647	4561	0,14	
FOLK_E_00017_SE_01	400	1639	0,24	
FOLK_E_00018_SE_01	725	4321	0,17	
FOLK_E_00020_SE_01	733	4349	0,17	
FOLK_E_00021_SE_01	3369	56766	0,06	
FOLK_E_00022_SE_01	1809	19957	0,09	
FOLK_E_00024_SE_01	2359	33583	0,07	
FOLK_E_00026_SE_01	2381	32207	0,07	
FOLK_E_00027_SE_01	741	4933	0,15	
FOLK_E_00028_SE_01	907	4647	0,20	
FOLK_E_00029_SE_01	361	1997	0,18	
FOLK_E_00030_SE_01	1497	10337	0,14	
FOLK_E_00031_SE_01	457	2554	0,18	
FOLK_E_00032_SE_01	739	3973	0,19	
FOLK_E_00033_SE_01	829	5049	0,16	
FOLK_E_00034_SE_01	791	4543	0,17	
FOLK_E_00035_SE_01	858	4461	0,19	
FOLK_E_00036_SE_01	790	4677	0,17	
FOLK_E_00037_SE_01	741	3457	0,21	
FOLK_E_00038_SE_01	662	3331	0,20	
FOLK_E_00039_SE_01	1143	8353	0,14	
FOLK_E_00040_SE_01	1232	8763	0,14	
FOLK_E_00042_SE_01	1479	15892	0,09	
FOLK_E_00043_SE_01	559	2427	0,23	
FOLK_E_00044_SE_01	933	6983	0,13	
FOLK_E_00045_SE_01	783	5842	0,13	
FOLK_E_00046_SE_01	975	7862	0,12	
FOLK_E_00047_SE_01	1093	9029	0,12	
FOLK_E_00048_SE_01	1282	12389	0,10	
FOLK_E_00049_SE_01	969	6404	0,15	
FOLK_E_00050_SE_01	511	2243	0,23	
FOLK_E_00052_SE_01	814	4190	0,19	
FOLK_E_00053_SE_01	633	3262	0,19	
FOLK_E_00055_SE_01	2433	30702	0,08	
FOLK_E_00056_SE_01	977	5945	0,16	
FOLK_E_00057_SE_01	1306	9080	0,14	
FOLK_E_00058_SE_01	1415	9836	0,14	
FOLK_E_00059_SE_01	1321	8089	0,16	
FOLK_E_00060_SE_01	933	5759	0,16	
FOLK_E_00061_SE_01	866	4893	0,18	
FOLK_E_00062_SE_01	1077	4469	0,24	
FOLK_E_00064_SE_01	4473	52001	0,09	
FOLK_E_00066_SE_01	2979	24815	0,12	
FOLK_E_00068_SE_01	4243	51248	0,08	
FOLK_E_00069_SE_01	4302	50817	0,08	
FOLK_E_00070_SE_01	4478	53422	0,08	
FOLK_E_00074_SE_01	832	5975	0,14	
FOLK_E_00076_SE_01	596	2022	0,29	
FOLK_E_00077_SE_01	789	3976	0,20	
FOLK_E_00079_SE_01	781	3984	0,20	
FOLK_E_00080_SE_01	486	2395	0,20	
FOLK_E_00081_SE_01	312	1075	0,29	
FOLK_E_00082_SE_01	995	9390	0,11	
FOLK_E_00083_SE_01	758	5365	0,14	
FOLK_E_00084_SE_01	1415	14731	0,10	
FOLK_E_00085_SE_01	226	692	0,33	
FOLK_E_00086_SE_01	359	2706	0,13	
FOLK_E_00087_SE_01	334	1914	0,17	
FOLK_E_00088_SE_01	602	3080	0,20	
FOLK_E_00089_SE_01	419	3166	0,13	
FOLK_E_00090_SE_01	373	2856	0,13	
FOLK_E_00091_SE_01	389	2912	0,13	
FOLK_E_00092_SE_01	363	1677	0,22	
FOLK_E_00093_SE_01	395	2900	0,14	
FOLK_E_00094_SE_01	368	3061	0,12	
FOLK_E_00095_SE_01	368	2700	0,14	
FOLK_E_00096_SE_01	242	1036	0,23	
FOLK_E_00097_SE_01	310	1731	0,18	
FOLK_E_00098_SE_01	224	1358	0,16	
FOLK_E_00099_SE_01	333	3026	0,11	
FOLK_E_00100_SE_01	428	3213	0,13	
FOLK_E_00101_SE_01	347	3242	0,11	
FOLK_E_00102_SE_01	263	1484	0,18	
FOLK_E_00103_SE_01	395	4353	0,09	
FOLK_E_00104_SE_01	249	1394	0,18	
FOLK_E_00105_SE_01	542	5099	0,11	
FOLK_E_00106_SE_01	300	1908	0,16	
FOLK_E_00107_SE_01	219	1145	0,19	
FOLK_E_00108_SE_01	320	2192	0,15	
FOLK_E_00109_SE_01	271	1542	0,18	
FOLK_E_00110_SE_01	366	3190	0,11	
FOLK_E_00111_SE_01	541	2492	0,22	
FOLK_E_00112_SE_01	521	2048	0,25	
FOLK_E_00113_SE_01	312	1345	0,23	
FOLK_E_00114_SE_01	1133	9281	0,12	
FOLK_E_00115_SE_01	759	3963	0,19	
FOLK_E_00116_SE_01	173	497	0,35	
FOLK_E_00117_SE_01	670	3353	0,20	
FOLK_E_00118_SE_01	930	5185	0,18	
FOLK_E_00119_SE_01	1034	6790	0,15	
FOLK_E_00120_SE_01	769	4860	0,16	
FOLK_E_00121_SE_01	1384	11769	0,12	
FOLK_E_00123_SE_01	541	2419	0,22	
FOLK_E_00124_SE_01	900	5226	0,17	
FOLK_E_00125_SE_01	1375	7677	0,18	
FOLK_E_00126_SE_01	2454	14933	0,16	
FOLK_E_00127_SE_01	784	3414	0,23	
FOLK_E_00128_SE_01	1409	10985	0,13	
FOLK_E_00129_SE_01	1143	8420	0,14	
FOLK_E_00130_SE_01	1050	7132	0,15	
FOLK_E_00132_SE_01	3144	55570	0,06	
FOLK_E_00133_SE_01	709	5277	0,13	
FOLK_E_00134_SE_01	516	2931	0,18	
FOLK_E_00135_SE_01	351	1370	0,26	
FOLK_E_00136_SE_01	459	2175	0,21	
FOLK_E_00137_SE_01	201	596	0,34	
FOLK_E_00138_SE_01	421	2256	0,19	
FOLK_E_00139_SE_01	257	1026	0,25	
FOLK_E_00140_SE_01	450	2368	0,19	
FOLK_E_00141_SE_01	314	1079	0,29	
FOLK_E_00142_SE_01	343	1412	0,24	
FOLK_E_00143_SE_01	2458	29759	0,08	
FOLK_E_00144_SE_01	747	6050	0,12	
FOLK_E_00146_SE_01	846	6080	0,14	
FOLK_E_00147_SE_01	1640	14394	0,11	
FOLK_E_00148_SE_01	1282	11238	0,11	
FOLK_E_00150_SE_01	485	2023	0,24	
FOLK_E_00151_SE_01	274	1127	0,24	
FOLK_E_00152_SE_01	974	12344	0,08	
FOLK_E_00153_SE_01	33	48	0,69	
FOLK_E_00154_SE_01	29	44	0,66	
FOLK_E_00155_SE_01	45	62	0,73	
FOLK_E_00156_SE_01	305	1223	0,25	
FOLK_E_00157_SE_01	643	6948	0,09	
FOLK_E_00158_SE_01	130	257	0,51	
FOLK_E_00159_SE_01	37	59	0,63	
FOLK_E_00160_SE_01	688	6609	0,10	
FOLK_E_00161_SE_01	1792	19215	0,09	
FOLK_E_00162_SE_01	1569	9575	0,16	
FOLK_E_00163_SE_01	949	4799	0,20	
FOLK_E_00165_SE_01	1503	9692	0,16	
FOLK_E_00166_SE_01	898	5566	0,16	
FOLK_E_00167_SE_01	698	6260	0,11	
FOLK_E_00168_SE_01	859	6884	0,12	
FOLK_E_00169_SE_01	789	5915	0,13	
FOLK_E_00171_SE_01	736	6148	0,12	
FOLK_E_00172_SE_01	641	4189	0,15	
FOLK_E_00173_SE_01	1955	19647	0,10	
FOLK_E_00174_SE_01	1881	15170	0,12	
FOLK_E_00175_SE_01	757	5531	0,14	
FOLK_E_00176_SE_01	923	6509	0,14	
FOLK_E_00177_SE_01	908	6863	0,13	
FOLK_E_00178_SE_01	969	7175	0,14	
FOLK_E_00179_SE_01	1142	8717	0,13	
FOLK_E_00180_SE_01	763	4614	0,17	
FOLK_E_00181_SE_01	1141	7919	0,14	
FOLK_E_00182_SE_01	1186	9051	0,13	
FOLK_E_00183_SE_01	787	5918	0,13	
FOLK_E_00184_SE_01	1026	7839	0,13	
FOLK_E_00185_SE_01	877	6763	0,13	
FOLK_E_00186_SE_01	950	5257	0,18	
FOLK_E_00187_SE_01	1016	8840	0,11	
FOLK_E_00188_SE_01	241	1722	0,14	
FOLK_E_00189_SE_01	479	4793	0,10	
FOLK_E_00190_SE_01	716	3615	0,20	
FOLK_E_00191_SE_01	1542	12007	0,13	
FOLK_E_00193_SE_01	1141	10695	0,11	
FOLK_E_00194_SE_01	530	3119	0,17	
FOLK_E_00197_SE_01	698	3366	0,21	
FOLK_E_00198_SE_01	511	2190	0,23	
FOLK_E_00201_SE_01	2041	17304	0,12	
FOLK_E_00202_SE_01	1691	15911	0,11	
FOLK_E_00203_SE_01	1544	10243	0,15	
FOLK_E_00204_SE_01	1390	14509	0,10	
FOLK_E_00206_SE_01	1648	13939	0,12	
FOLK_E_00207_SE_01	854	4370	0,20	
FOLK_E_00208_SE_01	1034	6096	0,17	
FOLK_E_00209_SE_01	696	3217	0,22	
FOLK_E_00210_SE_01	2509	16343	0,15	
FOLK_E_00211_SE_01	230	710	0,32	
FOLK_E_00212_SE_01	98	176	0,56	
FOLK_E_00213_SE_01	583	3159	0,18	
FOLK_E_00214_SE_01	161	426	0,38	
FOLK_E_00215_SE_01	237	785	0,30	
FOLK_E_00216_SE_01	244	705	0,35	
FOLK_E_00217_SE_01	1643	22946	0,07	
FOLK_E_00218_SE_01	714	5322	0,13	
FOLK_E_00219_SE_01	599	3918	0,15	
FOLK_E_00220_SE_01	1664	16615	0,10	
FOLK_E_00221_SE_01	687	3423	0,20	
FOLK_E_00223_SE_01	98	167	0,59	
FOLK_E_00224_SE_01	332	1170	0,28	
FOLK_E_00225_SE_01	1161	8922	0,13	
FOLK_E_00226_SE_01	897	6161	0,15	
FOLK_E_00227_SE_01	952	6633	0,14	
FOLK_E_00228_SE_01	1254	10398	0,12	
FOLK_E_00229_SE_01	82	138	0,59	
FOLK_E_00230_SE_01	83	142	0,58	
FOLK_E_00231_SE_01	145	336	0,43	
FOLK_E_00235_SE_01	155	342	0,45	
FOLK_E_00237_SE_01	99	180	0,55	
FOLK_E_00238_SE_01	103	230	0,45	
FOLK_E_00239_SE_01	64	114	0,56	
FOLK_E_00243_SE_01	447	1974	0,23	
FOLK_E_00246_SE_01	325	1289	0,25	
FOLK_E_00248_SE_01	1177	8532	0,14	
FOLK_E_00250_SE_01	1225	9157	0,13	
FOLK_E_00251_SE_01	773	4410	0,18	
FOLK_E_00252_SE_01	794	5339	0,15	
FOLK_E_00253_SE_01	891	7309	0,12	
FOLK_E_00254_SE_01	1722	18779	0,09	
FOLK_E_00255_SE_01	1706	16666	0,10	
FOLK_E_00256_SE_01	1056	12284	0,09	
FOLK_E_00257_SE_01	858	8827	0,10	
FOLK_E_00258_SE_01	988	9242	0,11	
FOLK_E_00259_SE_01	362	1927	0,19	
FOLK_E_00260_SE_01	1137	7917	0,14	
FOLK_E_00261_SE_01	1119	7887	0,14	
FOLK_E_00262_SE_01	560	2343	0,24	
FOLK_E_00263_SE_01	866	5002	0,17	
FOLK_E_00264_SE_01	257	858	0,30	
FOLK_E_00265_SE_01	1121	11820	0,09	
FOLK_E_00266_SE_01	1721	23340	0,07	
FOLK_E_00267_SE_01	2496	33763	0,07	
FOLK_E_00268_SE_01	1078	6697	0,16	
FOLK_E_00269_SE_01	673	4719	0,14	
FOLK_E_00270_SE_01	429	2264	0,19	
FOLK_E_00271_SE_01	1193	9239	0,13	
FOLK_E_00272_SE_01	762	3845	0,20	
FOLK_E_00273_SE_01	2921	31680	0,09	
FOLK_E_00274_SE_01	708	10830	0,07	
FOLK_E_00285_SE_01	1604	16033	0,10	
FOLK_E_00286_SE_01	628	3714	0,17	
FOLK_E_00287_SE_01	2174	20944	0,10	
FOLK_E_00288_SE_01	1865	15719	0,12	
FOLK_E_00289_SE_01	403	1807	0,22	
FOLK_E_00290_SE_01	1316	17523	0,08	
FOLK_E_00291_SE_01	1147	10695	0,11	
FOLK_E_00292_SE_01	557	3180	0,18	
FOLK_E_00293_SE_01	2161	22744	0,10	
FOLK_E_00294_SE_01	918	9629	0,10	
FOLK_E_00295_SE_01	1007	6642	0,15	
FOLK_E_00296_SE_01	1159	9812	0,12	
FOLK_E_00298_SE_01	156	363	0,43	
FOLK_E_00299_SE_01	335	1734	0,19	
FOLK_E_00300_SE_01	998	7758	0,13	
FOLK_E_00301_SE_01	1227	9381	0,13	
FOLK_E_00302_SE_01	285	1072	0,27	
FOLK_E_00303_SE_01	1164	10244	0,11	
FOLK_E_00304_SE_01	172	497	0,35	
FOLK_E_00305_SE_01	120	236	0,51	
FOLK_E_00308_SE_01	1247	11086	0,11	
FOLK_E_00309_SE_01	659	5526	0,12	
FOLK_E_00313_SE_01	1299	10221	0,13	
FOLK_E_00318_SE_01	632	3319	0,19	
FOLK_E_00319_SE_01	1235	10382	0,12	
FOLK_E_00321_SE_01	1451	13061	0,11	
FOLK_E_00322_SE_01	1107	9915	0,11	
FOLK_E_00323_SE_01	219	795	0,28	
FOLK_E_00324_SE_01	225	750	0,30	
FOLK_E_00325_SE_01	2489	31048	0,08	
FOLK_E_00327_SE_01	965	6383	0,15	
FOLK_E_00329_SE_01	2275	23624	0,10	
FOLK_E_00330_SE_01	2315	24184	0,10	
FOLK_E_00331_SE_01	1293	11531	0,11	
FOLK_E_00332_SE_01	426	1781	0,24	
FOLK_E_00333_SE_01	738	5185	0,14	
FOLK_E_00334_SE_01	373	2261	0,16	
FOLK_E_00335_SE_01	1047	10343	0,10	
FOLK_E_00337_SE_01	1427	9645	0,15	
FOLK_E_00338_SE_01	1507	9619	0,16	
FOLK_E_00339_SE_01	2008	17846	0,11	
FOLK_E_00340_SE_01	1694	21379	0,08	
FOLK_E_00342_SE_01	1060	10419	0,10	
FOLK_E_00343_SE_01	659	5061	0,13	
FOLK_E_00344_SE_01	1131	8594	0,13	
FOLK_E_00345_SE_01	122	627	0,19	
FOLK_E_00346_SE_01	1765	23920	0,07	
FOLK_E_00347_SE_01	1143	10448	0,11	
FOLK_E_00348_SE_01	1468	14570	0,10	
FOLK_E_00349_SE_01	1159	11673	0,10	
FOLK_E_00350_SE_01	1188	12629	0,09	
FOLK_E_00351_SE_01	1476	12245	0,12	
FOLK_E_00352_SE_01	718	5878	0,12	
FOLK_E_00353_SE_01	909	7519	0,12	
FOLK_E_00354_SE_01	940	6444	0,15	
FOLK_E_00355_SE_01	1095	8187	0,13	
FOLK_E_00356_SE_01	908	5444	0,17	
FOLK_E_00357_SE_01	966	10665	0,09	
FOLK_E_00359_SE_01	605	3852	0,16	
FOLK_E_00360_SE_01	390	2991	0,13	
FOLK_E_00361_SE_01	1896	12148	0,16	
FOLK_E_00362_SE_01	237	679	0,35	
FOLK_E_00363_SE_01	263	1105	0,24	
FOLK_E_00364_SE_01	294	1319	0,22	
FOLK_E_00365_SE_01	422	2851	0,15	
FOLK_E_00366_SE_01	76	153	0,50	
FOLK_E_00367_SE_01	40	59	0,68	
FOLK_E_00368_SE_01	152	314	0,48	
FOLK_E_00370_SE_01	1377	19093	0,07	
FOLK_E_00371_SE_01	389	1918	0,20	
