Speech Event	overlaps‰	overlap average length	% of overlaps with >2 words	overlaps with >2 words ‰ tokens
FOLK_E_00001_SE_01	13,63	2,08	26,32	3,59	
FOLK_E_00002_SE_01	4,94	1,53	13,33	0,66	
FOLK_E_00003_SE_01	37,68	1,91	24,50	9,23	
FOLK_E_00004_SE_01	16,08	1,80	17,61	2,83	
FOLK_E_00005_SE_01	15,95	1,86	22,22	3,54	
FOLK_E_00006_SE_01	13,57	2,15	25,68	3,48	
FOLK_E_00007_SE_01	15,31	2,05	22,45	3,44	
FOLK_E_00008_SE_01	9,76	2,42	30,65	2,99	
FOLK_E_00009_SE_01	12,57	1,77	20,97	2,63	
FOLK_E_00010_SE_01	42,38	2,22	33,91	14,37	
FOLK_E_00011_SE_01	53,21	2,06	27,11	14,43	
FOLK_E_00012_SE_01	38,74	2,12	27,14	10,51	
FOLK_E_00013_SE_01	17,04	1,61	14,29	2,43	
FOLK_E_00014_SE_01	19,22	1,79	19,12	3,67	
FOLK_E_00015_SE_01	17,88	1,76	17,61	3,15	
FOLK_E_00016_SE_01	5,93	1,96	25,93	1,54	
FOLK_E_00017_SE_01	15,29	2,32	28,00	4,28	
FOLK_E_00018_SE_01	31,21	2,73	36,57	11,41	
FOLK_E_00020_SE_01	47,57	2,46	36,76	17,49	
FOLK_E_00021_SE_01	98,72	2,19	30,17	29,79	
FOLK_E_00022_SE_01	21,43	2,40	35,06	7,51	
FOLK_E_00024_SE_01	51,60	2,52	35,85	18,50	
FOLK_E_00026_SE_01	28,85	2,55	34,99	10,09	
FOLK_E_00027_SE_01	21,65	2,42	34,91	7,56	
FOLK_E_00028_SE_01	36,63	1,68	14,12	5,17	
FOLK_E_00029_SE_01	29,60	2,05	20,34	6,02	
FOLK_E_00030_SE_01	33,41	2,18	28,57	9,55	
FOLK_E_00031_SE_01	38,90	2,22	30,30	11,79	
FOLK_E_00032_SE_01	16,63	2,32	34,85	5,79	
FOLK_E_00033_SE_01	20,85	2,70	33,33	6,95	
FOLK_E_00034_SE_01	19,63	2,02	31,46	6,18	
FOLK_E_00035_SE_01	21,78	1,92	24,74	5,39	
FOLK_E_00036_SE_01	16,07	2,05	25,33	4,07	
FOLK_E_00037_SE_01	9,84	2,09	26,47	2,60	
FOLK_E_00038_SE_01	25,86	1,90	17,44	4,51	
FOLK_E_00039_SE_01	22,06	1,68	18,68	4,12	
FOLK_E_00040_SE_01	46,95	2,08	26,23	12,31	
FOLK_E_00042_SE_01	72,99	2,97	43,28	31,59	
FOLK_E_00043_SE_01	28,73	2,70	46,38	13,32	
FOLK_E_00044_SE_01	27,57	2,32	31,41	8,66	
FOLK_E_00045_SE_01	45,17	2,30	29,77	13,45	
FOLK_E_00046_SE_01	63,18	3,13	46,87	29,61	
FOLK_E_00047_SE_01	30,84	2,15	29,96	9,24	
FOLK_E_00048_SE_01	70,93	2,29	30,50	21,64	
FOLK_E_00049_SE_01	37,45	2,42	38,66	14,48	
FOLK_E_00050_SE_01	56,82	2,73	40,16	22,82	
FOLK_E_00052_SE_01	52,01	2,24	29,95	15,58	
FOLK_E_00053_SE_01	61,75	2,28	32,50	20,07	
FOLK_E_00055_SE_01	79,82	2,17	29,08	23,21	
FOLK_E_00056_SE_01	31,50	2,06	28,34	8,93	
FOLK_E_00057_SE_01	19,51	1,98	22,03	4,30	
FOLK_E_00058_SE_01	19,24	2,54	34,92	6,72	
FOLK_E_00059_SE_01	16,48	2,62	39,10	6,44	
FOLK_E_00060_SE_01	27,29	2,45	31,85	8,69	
FOLK_E_00061_SE_01	16,78	2,01	23,17	3,89	
FOLK_E_00062_SE_01	23,75	2,56	37,74	8,96	
FOLK_E_00064_SE_01	9,79	2,63	37,80	3,70	
FOLK_E_00066_SE_01	32,98	2,72	39,56	13,05	
FOLK_E_00068_SE_01	15,75	2,18	28,38	4,47	
FOLK_E_00069_SE_01	19,97	2,37	30,86	6,16	
FOLK_E_00070_SE_01	11,86	2,19	30,11	3,57	
FOLK_E_00074_SE_01	31,24	1,63	13,98	4,37	
FOLK_E_00076_SE_01	8,95	1,89	27,78	2,49	
FOLK_E_00077_SE_01	26,92	1,72	14,15	3,81	
FOLK_E_00079_SE_01	40,04	2,03	27,67	11,08	
FOLK_E_00080_SE_01	44,19	2,38	36,19	15,99	
FOLK_E_00081_SE_01	36,38	2,18	25,64	9,33	
FOLK_E_00082_SE_01	96,12	2,66	38,55	37,05	
FOLK_E_00083_SE_01	15,59	1,59	13,25	2,07	
FOLK_E_00084_SE_01	31,19	2,40	36,32	11,33	
FOLK_E_00085_SE_01	11,63	2,25	25,00	2,91	
FOLK_E_00086_SE_01	28,29	2,34	32,89	9,31	
FOLK_E_00087_SE_01	26,73	2,16	15,69	4,19	
FOLK_E_00088_SE_01	36,96	2,11	29,20	10,79	
FOLK_E_00089_SE_01	28,01	1,84	19,32	5,41	
FOLK_E_00090_SE_01	26,73	1,88	21,05	5,63	
FOLK_E_00091_SE_01	27,24	1,68	16,67	4,54	
FOLK_E_00092_SE_01	109,84	2,13	22,95	25,21	
FOLK_E_00093_SE_01	19,39	2,00	30,36	5,89	
FOLK_E_00094_SE_01	17,73	1,72	16,67	2,95	
FOLK_E_00095_SE_01	25,80	1,87	23,19	5,98	
FOLK_E_00096_SE_01	12,56	1,08	0,00	0,00	
FOLK_E_00097_SE_01	43,20	1,85	20,27	8,76	
FOLK_E_00098_SE_01	18,49	1,56	12,00	2,22	
FOLK_E_00099_SE_01	31,47	1,72	21,05	6,62	
FOLK_E_00100_SE_01	24,75	1,73	25,32	6,27	
FOLK_E_00101_SE_01	29,47	1,97	22,11	6,51	
FOLK_E_00102_SE_01	11,73	1,76	17,65	2,07	
FOLK_E_00103_SE_01	41,89	1,96	24,18	10,13	
FOLK_E_00104_SE_01	26,75	1,62	16,22	4,34	
FOLK_E_00105_SE_01	39,29	1,96	24,24	9,53	
FOLK_E_00106_SE_01	34,17	1,69	15,38	5,26	
FOLK_E_00107_SE_01	15,78	1,78	16,67	2,63	
FOLK_E_00108_SE_01	32,05	2,03	24,29	7,78	
FOLK_E_00109_SE_01	17,53	1,56	14,81	2,60	
FOLK_E_00110_SE_01	29,36	1,80	18,28	5,37	
FOLK_E_00111_SE_01	26,13	2,42	35,38	9,24	
FOLK_E_00112_SE_01	28,25	2,72	38,60	10,90	
FOLK_E_00113_SE_01	6,72	2,22	33,33	2,24	
FOLK_E_00114_SE_01	41,15	2,22	27,30	11,23	
FOLK_E_00115_SE_01	10,38	2,37	31,71	3,29	
FOLK_E_00116_SE_01	16,13	2,88	37,50	6,05	
FOLK_E_00117_SE_01	6,87	1,57	13,04	0,90	
FOLK_E_00118_SE_01	15,65	2,17	27,16	4,25	
FOLK_E_00119_SE_01	49,93	2,22	32,64	16,30	
FOLK_E_00120_SE_01	13,42	2,08	20,00	2,68	
FOLK_E_00121_SE_01	14,63	1,99	25,15	3,68	
FOLK_E_00123_SE_01	15,75	2,21	26,32	4,14	
FOLK_E_00124_SE_01	14,79	1,79	22,08	3,27	
FOLK_E_00125_SE_01	9,95	1,54	15,79	1,57	
FOLK_E_00126_SE_01	5,91	1,91	26,14	1,54	
FOLK_E_00127_SE_01	9,98	1,91	32,35	3,23	
FOLK_E_00128_SE_01	21,84	1,87	22,59	4,94	
FOLK_E_00129_SE_01	28,95	2,20	30,86	8,93	
FOLK_E_00130_SE_01	7,17	1,63	17,65	1,27	
FOLK_E_00132_SE_01	85,75	2,16	29,97	25,70	
FOLK_E_00133_SE_01	82,52	2,37	34,73	28,66	
FOLK_E_00134_SE_01	51,42	2,51	38,00	19,54	
FOLK_E_00135_SE_01	71,69	2,54	35,71	25,60	
FOLK_E_00136_SE_01	64,61	2,30	34,29	22,15	
FOLK_E_00137_SE_01	53,69	2,41	34,38	18,46	
FOLK_E_00138_SE_01	44,06	2,20	26,26	11,57	
FOLK_E_00139_SE_01	70,24	2,56	33,33	23,41	
FOLK_E_00140_SE_01	40,75	2,41	30,21	12,31	
FOLK_E_00141_SE_01	106,24	2,11	28,07	29,82	
FOLK_E_00142_SE_01	49,68	1,87	24,29	12,07	
FOLK_E_00143_SE_01	91,06	2,23	28,96	26,37	
FOLK_E_00144_SE_01	12,35	2,57	36,49	4,51	
FOLK_E_00146_SE_01	6,12	1,57	21,62	1,32	
FOLK_E_00147_SE_01	29,37	1,99	25,00	7,34	
FOLK_E_00148_SE_01	27,32	2,00	27,30	7,46	
FOLK_E_00150_SE_01	14,85	1,60	10,00	1,49	
FOLK_E_00151_SE_01	33,01	2,27	32,43	10,70	
FOLK_E_00152_SE_01	26,60	1,66	16,51	4,39	
FOLK_E_00153_SE_01	83,33	1,50	25,00	20,83	
FOLK_E_00154_SE_01	22,73	2,00	0,00	0,00	
FOLK_E_00155_SE_01	16,13	2,00	0,00	0,00	
FOLK_E_00156_SE_01	24,73	1,87	20,00	4,95	
FOLK_E_00157_SE_01	30,69	1,83	23,11	7,09	
FOLK_E_00158_SE_01	15,81	1,50	0,00	0,00	
FOLK_E_00159_SE_01	16,95	2,00	0,00	0,00	
FOLK_E_00160_SE_01	20,96	2,17	22,46	4,71	
FOLK_E_00161_SE_01	60,04	1,95	21,43	12,87	
FOLK_E_00162_SE_01	27,00	2,11	29,18	7,88	
FOLK_E_00163_SE_01	15,66	2,44	33,33	5,22	
FOLK_E_00165_SE_01	37,21	2,44	40,22	14,97	
FOLK_E_00166_SE_01	11,91	1,70	18,18	2,17	
FOLK_E_00167_SE_01	15,11	1,57	14,89	2,25	
FOLK_E_00168_SE_01	24,14	1,28	5,45	1,32	
FOLK_E_00169_SE_01	19,03	1,69	17,86	3,40	
FOLK_E_00171_SE_01	8,36	1,39	11,76	0,98	
FOLK_E_00172_SE_01	24,10	1,25	6,00	1,45	
FOLK_E_00173_SE_01	30,64	2,17	26,33	8,07	
FOLK_E_00174_SE_01	24,03	1,68	15,15	3,64	
FOLK_E_00175_SE_01	145,19	2,54	39,17	56,88	
FOLK_E_00176_SE_01	12,84	1,41	10,84	1,39	
FOLK_E_00177_SE_01	16,42	1,84	20,54	3,37	
FOLK_E_00178_SE_01	22,43	1,76	18,75	4,21	
FOLK_E_00179_SE_01	16,22	2,01	24,82	4,03	
FOLK_E_00180_SE_01	23,36	1,63	18,69	4,37	
FOLK_E_00181_SE_01	42,01	2,14	30,42	12,78	
FOLK_E_00182_SE_01	32,94	2,28	29,39	9,68	
FOLK_E_00183_SE_01	29,22	1,86	23,84	6,96	
FOLK_E_00184_SE_01	35,84	1,82	19,71	7,06	
FOLK_E_00185_SE_01	33,93	2,16	29,26	9,93	
FOLK_E_00186_SE_01	12,99	1,74	19,12	2,48	
FOLK_E_00187_SE_01	30,40	2,62	42,16	12,82	
FOLK_E_00188_SE_01	29,11	1,61	10,20	2,97	
FOLK_E_00189_SE_01	41,35	1,85	21,83	9,03	
FOLK_E_00190_SE_01	21,58	1,59	12,82	2,77	
FOLK_E_00191_SE_01	18,94	1,64	15,56	2,95	
FOLK_E_00193_SE_01	94,66	1,62	13,63	12,90	
FOLK_E_00194_SE_01	44,04	1,44	10,29	4,53	
FOLK_E_00197_SE_01	52,05	2,30	28,74	14,96	
FOLK_E_00198_SE_01	23,50	3,00	45,10	10,60	
FOLK_E_00201_SE_01	74,74	1,82	19,53	14,60	
FOLK_E_00202_SE_01	79,12	2,11	28,38	22,45	
FOLK_E_00203_SE_01	27,98	1,66	17,48	4,89	
FOLK_E_00204_SE_01	87,04	2,07	27,16	23,64	
FOLK_E_00206_SE_01	11,88	2,00	24,24	2,88	
FOLK_E_00207_SE_01	72,14	2,05	28,12	20,28	
FOLK_E_00208_SE_01	55,52	2,01	24,11	13,38	
FOLK_E_00209_SE_01	57,04	2,09	28,57	16,30	
FOLK_E_00210_SE_01	4,68	1,61	14,47	0,68	
FOLK_E_00211_SE_01	65,25	1,80	17,39	11,35	
FOLK_E_00212_SE_01	62,86	1,73	18,18	11,43	
FOLK_E_00213_SE_01	115,32	1,80	20,44	23,57	
FOLK_E_00214_SE_01	42,76	1,72	22,22	9,50	
FOLK_E_00215_SE_01	65,55	1,80	23,53	15,42	
FOLK_E_00216_SE_01	76,04	1,75	20,75	15,78	
FOLK_E_00217_SE_01	20,82	2,07	27,00	5,62	
FOLK_E_00218_SE_01	15,51	2,07	25,61	3,97	
FOLK_E_00219_SE_01	26,81	1,64	15,24	4,09	
FOLK_E_00220_SE_01	26,89	2,12	28,54	7,67	
FOLK_E_00221_SE_01	29,73	2,25	30,69	9,13	
FOLK_E_00223_SE_01	53,89	1,56	22,22	11,98	
FOLK_E_00224_SE_01	33,59	1,97	25,64	8,61	
FOLK_E_00225_SE_01	39,92	2,08	29,30	11,70	
FOLK_E_00226_SE_01	23,80	2,27	32,88	7,83	
FOLK_E_00227_SE_01	44,11	2,07	27,24	12,02	
FOLK_E_00228_SE_01	28,83	2,05	28,19	8,13	
FOLK_E_00229_SE_01	79,71	2,00	36,36	28,99	
FOLK_E_00230_SE_01	56,34	2,00	25,00	14,08	
FOLK_E_00231_SE_01	89,55	2,00	16,67	14,93	
FOLK_E_00235_SE_01	44,64	1,87	20,00	8,93	
FOLK_E_00237_SE_01	22,47	2,25	25,00	5,62	
FOLK_E_00238_SE_01	39,13	2,11	11,11	4,35	
FOLK_E_00239_SE_01	17,54	1,00	0,00	0,00	
FOLK_E_00243_SE_01	32,16	1,86	22,22	7,15	
FOLK_E_00246_SE_01	24,14	2,13	35,48	8,57	
FOLK_E_00248_SE_01	30,24	1,61	16,34	4,94	
FOLK_E_00250_SE_01	22,58	1,51	12,68	2,86	
FOLK_E_00251_SE_01	118,04	2,27	31,21	36,84	
FOLK_E_00252_SE_01	118,76	1,85	20,63	24,51	
FOLK_E_00253_SE_01	103,83	1,66	16,78	17,42	
FOLK_E_00254_SE_01	74,80	1,89	22,52	16,84	
FOLK_E_00255_SE_01	113,30	2,04	24,45	27,70	
FOLK_E_00256_SE_01	18,81	1,10	2,62	0,49	
FOLK_E_00257_SE_01	24,45	1,37	10,23	2,50	
FOLK_E_00258_SE_01	12,05	1,16	2,70	0,33	
FOLK_E_00259_SE_01	46,92	1,96	25,84	12,12	
FOLK_E_00260_SE_01	32,23	2,17	30,71	9,90	
FOLK_E_00261_SE_01	36,42	1,80	19,65	7,16	
FOLK_E_00262_SE_01	4,32	1,60	20,00	0,86	
FOLK_E_00263_SE_01	2,02	2,00	40,00	0,81	
FOLK_E_00264_SE_01	50,23	2,30	25,58	12,85	
FOLK_E_00265_SE_01	92,91	2,08	25,94	24,10	
FOLK_E_00266_SE_01	86,48	1,89	22,17	19,17	
FOLK_E_00267_SE_01	52,95	1,88	23,19	12,28	
FOLK_E_00268_SE_01	20,94	1,99	26,62	5,57	
FOLK_E_00269_SE_01	22,95	1,23	2,78	0,64	
FOLK_E_00270_SE_01	54,96	2,48	33,06	18,17	
FOLK_E_00271_SE_01	17,78	1,75	19,63	3,49	
FOLK_E_00272_SE_01	16,70	2,30	29,69	4,96	
FOLK_E_00273_SE_01	68,32	2,03	25,37	17,33	
FOLK_E_00274_SE_01	52,07	2,07	26,69	13,90	
FOLK_E_00285_SE_01	62,52	1,91	23,59	14,75	
FOLK_E_00286_SE_01	38,52	1,55	14,08	5,43	
FOLK_E_00287_SE_01	179,81	2,97	42,57	76,54	
FOLK_E_00288_SE_01	23,56	2,18	31,79	7,49	
FOLK_E_00289_SE_01	41,69	1,16	2,67	1,11	
FOLK_E_00290_SE_01	83,93	2,27	30,67	25,75	
FOLK_E_00291_SE_01	115,41	2,03	25,81	29,79	
FOLK_E_00292_SE_01	44,41	1,35	10,64	4,72	
FOLK_E_00293_SE_01	46,41	2,57	40,42	18,76	
FOLK_E_00294_SE_01	27,12	2,07	23,74	6,44	
FOLK_E_00295_SE_01	26,63	2,31	35,80	9,53	
FOLK_E_00296_SE_01	20,78	1,51	9,85	2,05	
FOLK_E_00298_SE_01	33,06	1,75	16,67	5,51	
FOLK_E_00299_SE_01	16,84	1,97	24,14	4,07	
FOLK_E_00300_SE_01	151,59	2,22	31,68	48,03	
FOLK_E_00301_SE_01	28,38	1,85	22,26	6,32	
FOLK_E_00302_SE_01	50,56	1,85	22,22	11,24	
FOLK_E_00303_SE_01	113,67	1,53	12,18	13,84	
FOLK_E_00304_SE_01	69,25	2,41	35,29	24,44	
FOLK_E_00305_SE_01	76,27	1,78	22,22	16,95	
FOLK_E_00308_SE_01	96,29	2,03	27,09	26,09	
FOLK_E_00309_SE_01	77,15	2,10	29,69	22,91	
FOLK_E_00311_SE_01	14,86	2,48	32,30	4,80	
FOLK_E_00313_SE_01	10,59	1,69	19,44	2,06	
FOLK_E_00315_SE_01	35,58	1,91	24,06	8,56	
FOLK_E_00316_SE_01	45,43	2,20	29,18	13,26	
FOLK_E_00317_SE_01	34,86	2,09	28,73	10,01	
FOLK_E_00318_SE_01	31,54	1,52	13,46	4,25	
FOLK_E_00319_SE_01	32,20	2,25	33,33	10,73	
FOLK_E_00321_SE_01	13,91	1,53	13,26	1,84	
FOLK_E_00322_SE_01	42,07	1,87	22,22	9,35	
FOLK_E_00323_SE_01	21,44	1,76	29,41	6,31	
FOLK_E_00324_SE_01	21,33	1,50	18,75	4,00	
FOLK_E_00325_SE_01	79,87	2,15	27,35	21,85	
FOLK_E_00327_SE_01	16,53	1,96	24,76	4,09	
FOLK_E_00329_SE_01	96,42	2,19	31,26	30,14	
FOLK_E_00330_SE_01	52,44	2,17	26,78	14,05	
FOLK_E_00331_SE_01	22,26	2,04	31,37	6,98	
FOLK_E_00332_SE_01	20,33	1,53	8,33	1,69	
FOLK_E_00333_SE_01	29,50	2,56	40,79	12,03	
FOLK_E_00334_SE_01	16,49	1,95	24,32	4,01	
FOLK_E_00335_SE_01	88,09	2,24	32,30	28,46	
FOLK_E_00337_SE_01	19,90	1,68	16,23	3,23	
FOLK_E_00338_SE_01	10,43	1,92	26,00	2,71	
FOLK_E_00339_SE_01	21,73	1,71	16,80	3,65	
FOLK_E_00340_SE_01	105,58	2,19	30,71	32,43	
FOLK_E_00342_SE_01	53,50	1,95	23,96	12,82	
FOLK_E_00343_SE_01	43,57	1,80	20,55	8,95	
FOLK_E_00344_SE_01	29,47	2,14	28,57	8,42	
FOLK_E_00345_SE_01	0,00	NaN	NaN	0,00	
FOLK_E_00346_SE_01	49,45	2,45	36,01	17,80	
FOLK_E_00347_SE_01	39,35	1,88	22,74	8,95	
FOLK_E_00348_SE_01	29,59	1,80	19,53	5,78	
FOLK_E_00349_SE_01	4,40	2,08	29,41	1,29	
FOLK_E_00350_SE_01	9,06	1,89	23,01	2,08	
FOLK_E_00351_SE_01	4,79	2,17	31,03	1,49	
FOLK_E_00352_SE_01	20,17	1,22	5,93	1,20	
FOLK_E_00353_SE_01	25,71	1,87	23,96	6,16	
FOLK_E_00354_SE_01	29,29	1,97	22,46	6,58	
FOLK_E_00355_SE_01	35,71	2,36	35,86	12,80	
FOLK_E_00356_SE_01	38,74	2,11	30,14	11,68	
FOLK_E_00357_SE_01	129,11	2,15	29,19	37,69	
FOLK_E_00358_SE_01	49,57	2,24	30,25	14,99	
FOLK_E_00359_SE_01	37,48	1,89	22,38	8,39	
FOLK_E_00360_SE_01	27,60	1,87	18,29	5,05	
FOLK_E_00361_SE_01	0,91	1,82	27,27	0,25	
FOLK_E_00362_SE_01	25,56	1,65	23,53	6,02	
FOLK_E_00363_SE_01	34,86	1,89	18,42	6,42	
FOLK_E_00364_SE_01	89,11	1,60	15,38	13,71	
FOLK_E_00365_SE_01	38,38	1,47	9,35	3,59	
FOLK_E_00366_SE_01	32,89	1,40	20,00	6,58	
FOLK_E_00367_SE_01	33,90	1,50	0,00	0,00	
FOLK_E_00368_SE_01	15,97	2,60	40,00	6,39	
FOLK_E_00370_SE_01	66,10	1,94	22,87	15,12	
FOLK_E_00371_SE_01	45,98	1,69	13,64	6,27	
FOLK_E_00372_SE_01	27,63	2,13	32,35	8,94	
FOLK_E_00373_SE_01	33,92	2,56	32,60	11,06	
FOLK_E_00374_SE_01	83,60	2,39	34,02	28,44	
FOLK_E_00375_SE_01	182,48	2,47	36,68	66,94	
FOLK_E_00376_SE_01	2,09	1,00	0,00	0,00	
FOLK_E_00377_SE_01	1,06	1,00	0,00	0,00	
FOLK_E_00378_SE_01	26,23	1,67	16,36	4,29	
FOLK_E_00379_SE_01	18,59	2,35	33,33	6,20	
FOLK_E_00380_SE_01	6,95	1,15	4,26	0,30	
FOLK_E_00384_SE_01	9,76	1,21	4,55	0,44	
FOLK_E_00385_SE_01	8,50	1,71	23,53	2,00	
FOLK_E_00386_SE_01	11,88	2,23	29,59	3,52	
FOLK_E_00387_SE_01	0,87	2,75	43,75	0,38	
FOLK_E_00388_SE_01	0,89	1,69	15,38	0,14	
FOLK_E_00389_SE_01	1,34	1,44	11,11	0,15	
FOLK_E_00390_SE_01	2,25	2,33	27,84	0,63	
FOLK_E_00391_SE_01	6,45	2,10	23,72	1,53	
FOLK_E_00392_SE_01	35,54	1,80	18,27	6,49	
FOLK_E_00395_SE_01	24,40	1,69	14,29	3,49	
FOLK_E_00398_SE_01	22,19	2,21	31,48	6,99	
FOLK_E_00401_SE_01	34,40	1,76	20,96	7,21	
